Position, Messreihe #2
Zeit ( s )	Position ( m )
0,0011	0,160
0,1010	0,150
0,2010	0,143
0,3009	0,139
0,4009	0,139
0,5010	0,143
0,6010	0,150
0,7011	0,160
0,8011	0,171
0,9012	0,180
1,0013	0,188
1,1013	0,193
1,2013	0,194
1,3013	0,191
1,4012	0,185
1,5012	0,175
1,6011	0,165
1,7010	0,153
1,8010	0,143
1,9009	0,135
2,0009	0,131
2,1009	0,132
2,2009	0,137
2,3010	0,146
2,4011	0,158
2,5011	0,169
2,6012	0,179
2,7013	0,187
2,8013	0,192
2,9013	0,193
3,0013	0,190
3,1012	0,184
3,2012	0,175
3,3011	0,167
3,4010	0,156
3,5010	0,147
3,6010	0,142
3,7009	0,140
3,8010	0,142
3,9010	0,147
4,0010	0,156
4,1011	0,165
4,2012	0,173
4,3012	0,180
4,4012	0,184
4,5012	0,185
4,6012	0,183
4,7012	0,178
4,8011	0,171
4,9011	0,162
5,0010	0,153
5,1010	0,145
5,2009	0,141
5,3009	0,139
5,4010	0,142
5,5010	0,148
5,6011	0,158
5,7011	0,169
5,8012	0,177
5,9012	0,186
6,0013	0,191
6,1013	0,194
6,2013	0,192
6,3012	0,186
6,4012	0,177
6,5011	0,168
6,6010	0,156
6,7010	0,145
6,8009	0,137
6,9009	0,132
7,0009	0,132
7,1009	0,136
7,2010	0,144
7,3010	0,155
7,4011	0,167
7,5012	0,176
7,6012	0,185
7,7013	0,191
7,8013	0,193
7,9013	0,191
8,0012	0,186
8,1012	0,177
8,2011	0,169
8,3011	0,159
8,4010	0,149
8,5010	0,143
8,6009	0,140
8,7009	0,141
8,8010	0,146
8,9010	0,154
9,0011	0,162
9,1011	0,171
9,2012	0,178
9,3012	0,183
9,4012	0,185
9,5012	0,184
9,6012	0,179
9,7012	0,173
9,8011	0,165
9,9010	0,156
10,0010	0,147
10,1010	0,142
10,2009	0,140
10,3009	0,142
10,4010	0,147
10,5010	0,156
10,6011	0,166
10,7012	0,175
10,8012	0,183
10,9013	0,190
11,0013	0,193
11,1013	0,192
11,2013	0,187
11,3012	0,179
11,4011	0,170
11,5011	0,159
11,6010	0,148
11,7009	0,139
11,8009	0,133
11,9009	0,132
12,0009	0,135
12,1010	0,142
12,2010	0,153
12,3011	0,164
12,4012	0,174
12,5012	0,183
12,6013	0,190
12,7013	0,193
12,8013	0,192
12,9013	0,187
13,0012	0,180
13,1011	0,171
13,2011	0,162
13,3010	0,151
13,4010	0,145
13,5009	0,141
13,6009	0,141
13,7010	0,144
13,8010	0,150
13,9011	0,159
14,0011	0,168
14,1012	0,175
14,2012	0,181
14,3012	0,184
14,4012	0,184
14,5012	0,181
14,6012	0,175
14,7011	0,169
14,8011	0,159
14,9010	0,150
15,0010	0,144
15,1009	0,141
15,2009	0,141
15,3010	0,146
15,4010	0,153
15,5011	0,163
15,6012	0,172
15,7012	0,181
15,8013	0,187
15,9013	0,192
16,0013	0,192
16,1013	0,188
16,2012	0,181
16,3012	0,173
16,4011	0,162
16,5010	0,151
16,6009	0,141
16,7009	0,135
16,8009	0,132
16,9009	0,134
17,0009	0,140
17,1010	0,149
17,2011	0,161
17,3011	0,171
17,4012	0,180
17,5013	0,188
17,6013	0,192
17,7013	0,192
17,8013	0,189
17,9012	0,182
18,0012	0,174
18,1011	0,165
18,2010	0,155
18,3010	0,146
18,4009	0,142
18,5009	0,140
18,6010	0,142
18,7010	0,148
18,8010	0,156
18,9011	0,165
19,0012	0,173
19,1012	0,179
19,2012	0,183
19,3012	0,184
19,4012	0,182
19,5012	0,177
19,6011	0,170
19,7011	0,162
19,8010	0,154
19,9010	0,146
20,0010	0,142
20,1009	0,142
20,2010	0,144
20,3010	0,151
20,4011	0,160
20,5011	0,170
20,6012	0,178
20,7012	0,185
20,8013	0,190
20,9013	0,191
21,0013	0,189
21,1012	0,183
21,2012	0,175
21,3011	0,165
21,4010	0,155
21,5010	0,144
21,6009	0,137
21,7009	0,133
21,8009	0,134
21,9009	0,139
22,0010	0,146
22,1011	0,157
22,2011	0,169
22,3012	0,178
22,4012	0,186
22,5013	0,191
22,6013	0,193
22,7013	0,190
22,8012	0,185
22,9012	0,177
23,0011	0,169
23,1011	0,158
23,2010	0,149
23,3010	0,143
23,4009	0,140
23,5009	0,141
23,6010	0,146
23,7010	0,153
23,8011	0,162
23,9011	0,170
24,0012	0,177
24,1012	0,182
24,2012	0,184
24,3012	0,183
24,4012	0,179
24,5012	0,173
24,6011	0,165
24,7011	0,157
24,8010	0,149
24,9010	0,144
25,0010	0,142
25,1010	0,144
25,2010	0,149
25,3011	0,157
25,4011	0,166
25,5012	0,175
25,6012	0,182
25,7013	0,188
25,8013	0,191
25,9013	0,190
26,0012	0,185
26,1012	0,177
26,2011	0,169
26,3011	0,158
26,4010	0,147
26,5009	0,139
26,6009	0,134
26,7009	0,134
26,8009	0,137
26,9010	0,144
27,0010	0,154
27,1011	0,165
27,2012	0,175
27,3012	0,184
27,4013	0,190
27,5013	0,192
27,6013	0,191
27,7013	0,187
27,8012	0,179
27,9011	0,171
28,0011	0,161
28,1010	0,151
28,2010	0,144
28,3009	0,141
28,4009	0,140
28,5010	0,144
28,6010	0,150
28,7011	0,159
28,8011	0,168
28,9012	0,175
29,0012	0,180
29,1012	0,184
29,2012	0,184
29,3012	0,181
29,4012	0,175
29,5011	0,169
29,6011	0,160
29,7010	0,152
29,8010	0,146
29,9010	0,143
30,0010	0,143
30,1010	0,147
30,2010	0,155
30,3011	0,163
30,4012	0,172
30,5012	0,179
30,6012	0,186
30,7013	0,189
30,8013	0,190
30,9012	0,186
31,0012	0,179
31,1011	0,171
31,2011	0,161
31,3010	0,150
31,4010	0,142
31,5009	0,136
31,6009	0,134
31,7009	0,136
31,8010	0,142
31,9010	0,151
32,0011	0,162
32,1012	0,172
32,2012	0,181
32,3013	0,188
32,4013	0,192
32,5013	0,192
32,6013	0,188
32,7012	0,182
32,8012	0,174
32,9011	0,164
33,0010	0,155
33,1010	0,146
33,2009	0,141
33,3009	0,140
33,4010	0,142
33,5010	0,147
33,6010	0,156
33,7011	0,164
33,8012	0,172
33,9012	0,178
34,0012	0,182
34,1012	0,184
34,2012	0,182
34,3012	0,177
34,4011	0,171
34,5011	0,163
34,6010	0,156
34,7010	0,148
34,8010	0,144
34,9010	0,144
35,0010	0,146
35,1010	0,151
35,2011	0,160
35,3011	0,169
35,4012	0,177
35,5012	0,183
35,6013	0,188
35,7013	0,189
35,8013	0,187
35,9012	0,181
36,0012	0,174
36,1011	0,164
36,2010	0,154
36,3010	0,145
36,4009	0,138
36,5009	0,134
36,6009	0,135
36,7009	0,140
36,8010	0,148
36,9011	0,159
37,0011	0,170
37,1012	0,178
37,2012	0,186
37,3013	0,191
37,4013	0,192
37,5013	0,190
37,6012	0,184
37,7012	0,176
37,8011	0,168
37,9011	0,158
38,0010	0,149
38,1010	0,143
38,2009	0,140
38,3009	0,141
38,4010	0,145
38,5010	0,153
38,6011	0,161
38,7011	0,170
38,8012	0,176
38,9012	0,181
39,0012	0,184
39,1012	0,183
39,2012	0,179
39,3012	0,174
39,4011	0,167
39,5011	0,159
39,6010	0,151
39,7010	0,146
39,8010	0,144
39,9010	0,145
40,0010	0,150
40,1011	0,157
40,2011	0,166
40,3012	0,174
40,4012	0,181
40,5012	0,186
40,6013	0,188
40,7013	0,187
40,8012	0,183
40,9012	0,176
41,0011	0,169
41,1011	0,158
41,2010	0,148
41,3009	0,140
41,4009	0,136
41,5009	0,135
41,6009	0,139
41,7010	0,146
41,8010	0,156
41,9011	0,166
42,0012	0,175
42,1012	0,184
42,2013	0,190
42,3013	0,192
42,4013	0,191
42,5012	0,186
42,6012	0,179
42,7011	0,171
42,8011	0,161
42,9010	0,151
43,0010	0,144
43,1009	0,141
43,2009	0,140
43,3010	0,143
43,4010	0,149
43,5011	0,158
43,6011	0,167
43,7012	0,174
43,8012	0,179
43,9012	0,183
44,0012	0,183
44,1012	0,181
44,2012	0,176
44,3011	0,170
44,4011	0,162
44,5010	0,155
44,6010	0,148
44,7010	0,145
44,8010	0,145
44,9010	0,148
45,0010	0,155
45,1011	0,163
45,2011	0,171
45,3012	0,178
45,4012	0,184
45,5013	0,187
45,6013	0,187
45,7012	0,184
45,8012	0,178
45,9011	0,170
46,0011	0,161
46,1010	0,151
46,2010	0,143
46,3009	0,138
46,4009	0,136
46,5009	0,138
46,6010	0,144
46,7010	0,153
46,8011	0,163
46,9012	0,173
47,0012	0,181
47,1013	0,188
47,2013	0,191
47,3013	0,191
47,4013	0,188
47,5012	0,181
47,6012	0,173
47,7011	0,164
47,8010	0,155
47,9010	0,146
48,0009	0,141
48,1009	0,140
48,2009	0,142
48,3010	0,147
48,4010	0,155
48,5011	0,163
48,6011	0,171
48,7012	0,177
48,8012	0,182
48,9012	0,184
49,0012	0,182
49,1012	0,178
49,2012	0,172
49,3011	0,165
49,4011	0,158
49,5010	0,150
49,6010	0,146
49,7010	0,145
49,8010	0,147
49,9010	0,152
50,0011	0,160
50,1011	0,169
50,2012	0,175
50,3012	0,181
50,4012	0,186
50,5013	0,187
50,6012	0,185
50,7012	0,180
50,8012	0,173
50,9011	0,164
51,0010	0,155
51,1010	0,146
51,2009	0,140
51,3009	0,137
51,4009	0,138
51,5010	0,142
51,6010	0,149
51,7011	0,160
51,8011	0,170
51,9012	0,178
52,0012	0,186
52,1013	0,190
52,2013	0,192
52,3013	0,189
52,4012	0,184
52,5012	0,176
52,6011	0,168
52,7011	0,158
52,8010	0,149
52,9010	0,143
53,0009	0,140
53,1009	0,141
53,2010	0,145
53,3010	0,151
53,4011	0,160
53,5011	0,169
53,6012	0,175
53,7012	0,180
53,8012	0,183
53,9012	0,183
54,0012	0,180
54,1012	0,175
54,2011	0,168
54,3011	0,161
54,4010	0,154
54,5010	0,148
54,6010	0,146
54,7010	0,146
54,8010	0,150
54,9011	0,157
55,0011	0,165
55,1012	0,172
55,2012	0,179
55,3012	0,184
55,4012	0,186
55,5012	0,185
55,6012	0,181
55,7012	0,175
55,8011	0,168
55,9011	0,158
56,0010	0,148
56,1010	0,142
56,2009	0,138
56,3009	0,138
56,4009	0,141
56,5010	0,147
56,6011	0,157
56,7011	0,168
56,8012	0,176
56,9012	0,184
57,0013	0,189
57,1013	0,191
57,2013	0,190
57,3012	0,186
57,4012	0,178
57,5011	0,170
57,6011	0,161
57,7010	0,151
57,8010	0,144
57,9009	0,140
58,0009	0,140
58,1010	0,143
58,2010	0,149
58,3011	0,157
58,4011	0,166
58,5012	0,173
58,6012	0,179
58,7012	0,183
58,8012	0,183
58,9012	0,181
59,0012	0,177
59,1011	0,171
59,2011	0,164
59,3010	0,156
59,4010	0,150
59,5010	0,147
59,6010	0,146
59,7010	0,149
59,8010	0,155
59,9011	0,162
60,0011	0,170
60,1012	0,176
60,2012	0,182
60,3012	0,185
60,4012	0,185
60,5012	0,182
60,6012	0,177
60,7011	0,170
60,8011	0,161
60,9010	0,152
61,0010	0,144
61,1009	0,140
61,2009	0,138
61,3009	0,140
61,4010	0,145
61,5010	0,154
61,6011	0,164
61,7012	0,173
61,8012	0,181
61,9013	0,187
62,0013	0,191
62,1013	0,191
62,2013	0,187
62,3012	0,181
62,4012	0,173
62,5011	0,164
62,6010	0,155
62,7010	0,146
62,8009	0,141
62,9009	0,140
63,0009	0,141
63,1010	0,146
63,2010	0,154
63,3011	0,163
63,4011	0,171
63,5012	0,177
63,6012	0,181
63,7012	0,183
63,8012	0,182
63,9012	0,179
64,0012	0,173
64,1011	0,167
64,2011	0,159
64,3010	0,153
64,4010	0,148
64,5010	0,146
64,6010	0,148
64,7010	0,153
64,8011	0,159
64,9011	0,167
65,0012	0,174
65,1012	0,179
65,2012	0,183
65,3012	0,185
65,4012	0,183
65,5012	0,178
65,6012	0,172
65,7011	0,164
65,8010	0,155
65,9010	0,147
66,0009	0,141
66,1009	0,139
66,2009	0,140
66,3010	0,144
66,4010	0,151
66,5011	0,161
66,6011	0,170
66,7012	0,178
66,8012	0,185
66,9013	0,190
67,0013	0,191
67,1013	0,188
67,2012	0,183
67,3012	0,175
67,4011	0,168
67,5011	0,157
67,6010	0,148
67,7010	0,143
67,8009	0,140
67,9009	0,141
68,0010	0,144
68,1010	0,151
68,2011	0,160
68,3011	0,169
68,4012	0,175
68,5012	0,180
68,6012	0,183
68,7012	0,183
68,8012	0,180
68,9012	0,176
69,0011	0,170
69,1011	0,162
69,2010	0,156
69,3010	0,150
69,4010	0,147
69,5010	0,147
69,6010	0,150
69,7011	0,157
69,8011	0,164
69,9011	0,171
70,0012	0,177
70,1012	0,181
70,2012	0,184
70,3012	0,183
70,4012	0,180
70,5012	0,174
70,6011	0,168
70,7011	0,159
70,8010	0,150
70,9010	0,143
71,0009	0,140
71,1009	0,140
71,2010	0,143
71,3010	0,149
71,4011	0,158
71,5011	0,168
71,6012	0,176
71,7012	0,183
71,8013	0,188
71,9013	0,190
72,0013	0,189
72,1012	0,185
72,2012	0,178
72,3011	0,170
72,4011	0,160
72,5010	0,151
72,6010	0,144
72,7009	0,140
72,8009	0,140
72,9010	0,143
73,0010	0,148
73,1011	0,157
73,2011	0,165
73,3012	0,173
73,4012	0,178
73,5012	0,182
73,6012	0,184
73,7012	0,182
73,8012	0,178
73,9012	0,172
74,0011	0,165
74,1011	0,158
74,2010	0,151
74,3010	0,148
74,4010	0,147
74,5010	0,149
74,6010	0,155
74,7011	0,161
74,8011	0,168
74,9012	0,174
75,0012	0,179
75,1012	0,183
75,2012	0,183
75,3012	0,181
75,4012	0,176
75,5011	0,170
75,6011	0,161
75,7010	0,153
75,8010	0,146
75,9009	0,141
76,0009	0,140
76,1010	0,142
76,2010	0,147
76,3010	0,156
76,4011	0,164
76,5012	0,173
76,6012	0,181
76,7013	0,187
76,8013	0,190
76,9013	0,190
77,0012	0,186
77,1012	0,180
77,2012	0,172
77,3011	0,163
77,4010	0,154
77,5010	0,146
77,6009	0,141
77,7009	0,140
77,8009	0,141
77,9010	0,146
78,0010	0,154
78,1011	0,162
78,2011	0,170
78,3012	0,176
78,4012	0,181
78,5012	0,184
78,6012	0,183
78,7012	0,179
78,8012	0,174
78,9011	0,169
79,0011	0,161
79,1010	0,155
79,2010	0,149
79,3010	0,147
79,4010	0,148
79,5010	0,152
79,6011	0,158
79,7011	0,165
79,8012	0,172
79,9012	0,177
80,0012	0,181
80,1012	0,183
80,2012	0,181
80,3012	0,177
80,4011	0,172
80,5011	0,164
80,6010	0,156
80,7010	0,148
80,8010	0,143
80,9009	0,141
81,0009	0,142
81,1010	0,146
81,2010	0,153
81,3011	0,162
81,4011	0,171
81,5012	0,178
81,6012	0,185
81,7013	0,189
81,8013	0,190
81,9013	0,187
82,0012	0,182
82,1012	0,174
82,2011	0,166
82,3011	0,157
82,4010	0,148
82,5010	0,143
82,6009	0,140
82,7009	0,141
82,8010	0,144
82,9010	0,151
83,0011	0,159
83,1011	0,169
83,2012	0,175
83,3012	0,180
83,4012	0,183
83,5012	0,183
83,6012	0,181
83,7012	0,176
83,8011	0,171
83,9011	0,164
84,0011	0,157
84,1010	0,151
84,2010	0,148
84,3010	0,148
84,4010	0,150
84,5010	0,156
84,6011	0,163
84,7011	0,170
84,8012	0,175
84,9012	0,179
85,0012	0,182
85,1012	0,181
85,2012	0,178
85,3012	0,174
85,4011	0,168
85,5011	0,159
85,6010	0,151
85,7010	0,145
85,8010	0,142
85,9010	0,142
86,0010	0,145
86,1010	0,151
86,2011	0,159
86,3011	0,169
86,4012	0,176
86,5012	0,182
86,6013	0,187
86,7013	0,189
86,8013	0,188
86,9012	0,183
87,0012	0,176
87,1011	0,170
87,2011	0,160
87,3010	0,151
87,4010	0,144
87,5009	0,141
87,6009	0,140
87,7010	0,143
87,8010	0,148
87,9010	0,157
88,0011	0,165
88,1012	0,172
88,2012	0,178
88,3012	0,182
88,4012	0,184
88,5012	0,182
88,6012	0,178
88,7012	0,173
88,8011	0,167
88,9011	0,159
89,0010	0,154
89,1010	0,149
89,2010	0,148
89,3010	0,149
89,4010	0,154
89,5011	0,160
89,6011	0,167
89,7012	0,173
89,8012	0,177
89,9012	0,181
90,0012	0,181
90,1012	0,179
90,2012	0,175
90,3011	0,170
90,4011	0,162
90,5010	0,155
90,6010	0,148
90,7010	0,144
90,8010	0,142
90,9010	0,144
91,0010	0,149
91,1011	0,157
91,2011	0,165
91,3012	0,173
91,4012	0,180
91,5012	0,186
91,6013	0,188
91,7013	0,188
91,8012	0,185
91,9012	0,178
92,0011	0,171
92,1011	0,163
92,2010	0,154
92,3010	0,146
92,4009	0,142
92,5009	0,140
92,6009	0,142
92,7010	0,146
92,8010	0,154
92,9011	0,162
93,0011	0,170
93,1012	0,176
93,2012	0,181
93,3012	0,184
93,4012	0,183
93,5012	0,180
93,6012	0,175
93,7011	0,170
93,8011	0,162
93,9010	0,156
94,0010	0,150
94,1010	0,148
94,2010	0,149
94,3010	0,152
94,4011	0,158
94,5011	0,164
94,6011	0,170
94,7012	0,175
94,8012	0,179
94,9012	0,181
95,0012	0,180
95,1012	0,176
95,2011	0,171
95,3011	0,165
95,4011	0,157
95,5010	0,150
95,6010	0,145
95,7010	0,143
95,8010	0,144
95,9010	0,148
96,0010	0,155
96,1011	0,163
96,2011	0,171
96,3012	0,178
96,4012	0,184
96,5013	0,187
96,6013	0,188
96,7012	0,186
96,8012	0,180
96,9012	0,173
97,0011	0,165
97,1010	0,157
97,2010	0,148
97,3010	0,143
97,4009	0,140
97,5009	0,141
97,6010	0,145
97,7010	0,151
97,8011	0,160
97,9011	0,169
98,0012	0,175
98,1012	0,180
98,2012	0,183
98,3012	0,184
98,4012	0,181
98,5012	0,177
98,6011	0,171
98,7011	0,165
98,8011	0,158
98,9010	0,152
99,0010	0,149
99,1010	0,148
99,2010	0,150
99,3010	0,156
99,4011	0,161
99,5011	0,169
99,6012	0,173
99,7012	0,177
99,8012	0,180
99,9012	0,180
100,0012	0,177
100,1012	0,173
100,2011	0,168
100,3011	0,160
100,4010	0,153
100,5010	0,147
100,6010	0,144
100,7010	0,144
100,8010	0,147
100,9010	0,153
101,0011	0,160
101,1011	0,168
101,2012	0,175
101,3012	0,182
101,4012	0,186
101,5013	0,188
101,6012	0,186
101,7012	0,182
101,8012	0,175
101,9011	0,169
102,0011	0,159
102,1010	0,150
102,2010	0,144
102,3009	0,141
102,4009	0,141
102,5010	0,144
102,6010	0,149
102,7011	0,157
102,8011	0,165
