0.1006	1.221
0.2007	1.241
0.3008	1.267
0.4009	1.299
0.5010	1.333
0.6011	1.369
0.7012	1.404
0.8013	1.434
0.9013	1.457
1.0014	1.474
1.1014	1.482
1.2014	1.482
1.3014	1.473
1.4013	1.455
1.5013	1.431
1.6012	1.399
1.7011	1.365
1.8010	1.328
1.9009	1.294
2.0008	1.264
2.1007	1.239
2.2006	1.220
2.3006	1.210
2.4006	1.207
2.5006	1.213
2.6007	1.227
2.7007	1.248
2.8008	1.276
2.9009	1.309
3.0010	1.343
3.1011	1.381
3.2012	1.412
3.3013	1.443
3.4013	1.464
3.5014	1.478
3.6014	1.484
3.7014	1.479
3.8014	1.467
3.9013	1.447
4.0012	1.420
4.1011	1.389
4.2010	1.352
4.3009	1.318
4.4008	1.284
4.5007	1.255
4.6007	1.231
4.7006	1.213
4.8006	1.205
4.9006	1.205
5.0006	1.215
5.1007	1.233
5.2007	1.258
5.3008	1.288
5.4009	1.321
5.5010	1.358
5.6011	1.393
5.7012	1.426
5.8013	1.452
5.9014	1.473
6.0014	1.484
6.1014	1.488
6.2014	1.479
6.3013	1.463
6.4013	1.438
6.5012	1.407
6.6011	1.374
6.7010	1.337
6.8009	1.302
6.9008	1.271
7.0007	1.243
7.1006	1.222
7.2006	1.209
7.3006	1.204
7.4006	1.208
7.5006	1.221
7.6007	1.242
7.7008	1.269
7.8009	1.301
7.9010	1.337
8.0011	1.373
8.1012	1.406
8.2013	1.437
8.3013	1.462
8.4014	1.477
8.5014	1.485
8.6014	1.482
8.7014	1.471
8.8013	1.452
8.9012	1.426
9.0011	1.395
9.1010	1.360
9.2009	1.324
9.3008	1.290
9.4008	1.259
9.5007	1.234
9.6006	1.218
9.7006	1.208
9.8006	1.207
9.9006	1.215
10.0007	1.231
10.1007	1.254
10.2008	1.282
10.3009	1.313
10.4010	1.350
10.5011	1.385
10.6012	1.417
10.7013	1.445
10.8014	1.466
10.9014	1.479
11.0014	1.483
11.1014	1.478
11.2013	1.464
11.3013	1.444
11.4012	1.414
11.5011	1.383
11.6010	1.347
11.7009	1.313
11.8008	1.280
11.9007	1.252
12.0007	1.229
12.1006	1.214
12.2006	1.206
12.3006	1.207
12.4006	1.217
12.5007	1.236
12.6008	1.261
12.7008	1.292
12.8009	1.326
12.9011	1.363
13.0012	1.398
13.1012	1.428
13.2013	1.454
13.3014	1.472
13.4014	1.484
13.5014	1.485
13.6014	1.477
13.7013	1.461
13.8013	1.435
13.9012	1.405
14.0011	1.370
14.1010	1.334
14.2009	1.298
14.3008	1.266
14.4007	1.239
14.5006	1.219
14.6006	1.207
14.7006	1.204
14.8006	1.209
14.9006	1.223
15.0007	1.245
15.1008	1.273
15.2009	1.305
15.3010	1.341
15.4011	1.378
15.5012	1.410
15.6013	1.442
15.7014	1.465
15.8014	1.480
15.9014	1.487
16.0014	1.483
16.1014	1.471
16.2013	1.449
16.3012	1.423
16.4011	1.390
16.5010	1.355
16.6009	1.318
16.7008	1.285
16.8007	1.255
16.9007	1.231
17.0006	1.214
17.1006	1.205
17.2006	1.205
17.3006	1.216
17.4007	1.233
17.5007	1.258
17.6008	1.287
17.7009	1.321
17.8010	1.356
17.9011	1.393
18.0012	1.424
18.1013	1.450
18.2014	1.469
18.3014	1.480
18.4014	1.483
18.5014	1.476
18.6013	1.462
18.7013	1.439
18.8012	1.408
18.9011	1.376
19.0010	1.339
19.1009	1.305
19.2008	1.273
19.3007	1.247
19.4007	1.225
19.5006	1.212
19.6006	1.206
19.7006	1.210
19.8006	1.222
19.9007	1.241
20.0008	1.266
20.1009	1.298
20.2010	1.332
20.3011	1.370
20.4012	1.403
20.5013	1.435
20.6013	1.458
20.7014	1.474
20.8014	1.483
20.9014	1.482
21.0014	1.472
21.1013	1.454
21.2012	1.429
21.3012	1.399
21.4011	1.363
21.5010	1.328
21.6009	1.293
21.7008	1.263
21.8007	1.237
21.9006	1.216
22.0006	1.205
22.1006	1.203
22.2006	1.211
22.3007	1.226
22.4007	1.249
22.5008	1.278
22.6009	1.311
22.7010	1.347
22.8011	1.384
22.9012	1.416
23.0013	1.445
23.1014	1.469
23.2014	1.482
23.3014	1.489
23.4014	1.483
23.5014	1.469
23.6013	1.445
23.7012	1.416
23.8011	1.384
23.9010	1.348
24.0009	1.311
24.1008	1.278
24.2007	1.249
24.3007	1.226
24.4006	1.211
24.5006	1.203
24.6006	1.205
24.7006	1.216
24.8007	1.235
24.9008	1.261
25.0008	1.292
25.1010	1.328
25.2011	1.364
25.3012	1.400
25.4013	1.430
25.5013	1.457
25.6014	1.475
25.7014	1.484
25.8014	1.485
25.9014	1.475
26.0013	1.458
26.1013	1.434
26.2012	1.403
26.3011	1.369
26.4010	1.332
26.5009	1.297
26.6008	1.266
26.7007	1.239
26.8006	1.219
26.9006	1.209
27.0006	1.206
27.1006	1.211
27.2007	1.225
27.3007	1.247
27.4008	1.275
27.5009	1.305
27.6010	1.342
27.7011	1.378
27.8012	1.410
27.9013	1.440
28.0013	1.463
28.1014	1.477
28.2014	1.483
28.3014	1.480
28.4014	1.469
28.5013	1.449
28.6012	1.422
28.7011	1.390
28.8010	1.355
28.9009	1.319
29.0008	1.286
29.1007	1.257
29.2007	1.233
29.3006	1.216
29.4006	1.206
29.5006	1.206
29.6006	1.214
29.7007	1.231
29.8007	1.256
29.9008	1.286
30.0009	1.319
30.1010	1.355
30.2011	1.392
30.3012	1.422
30.4013	1.450
30.5014	1.470
30.6014	1.483
30.7014	1.486
30.8014	1.479
30.9014	1.464
31.0013	1.440
31.1012	1.409
31.2011	1.376
31.3010	1.340
31.4009	1.304
31.5008	1.271
31.6007	1.243
31.7006	1.222
31.8006	1.208
31.9006	1.203
32.0006	1.207
32.1006	1.220
32.2007	1.241
32.3008	1.268
32.4009	1.299
32.5010	1.334
32.6011	1.372
32.7012	1.405
32.8013	1.437
32.9013	1.462
33.0014	1.478
33.1014	1.486
33.2014	1.484
33.3014	1.474
33.4013	1.453
33.5012	1.427
33.6011	1.395
33.7010	1.360
33.8009	1.323
33.9008	1.290
34.0008	1.259
34.1007	1.234
34.2006	1.216
34.3006	1.206
34.4006	1.205
34.5006	1.213
34.6007	1.230
34.7007	1.254
34.8008	1.283
34.9009	1.316
35.0010	1.351
35.1011	1.388
35.2012	1.419
35.3013	1.447
35.4014	1.467
35.5014	1.479
35.6014	1.483
35.7014	1.478
35.8013	1.464
35.9013	1.443
36.0012	1.413
36.1011	1.381
36.2010	1.344
36.3009	1.309
36.4008	1.277
36.5007	1.250
36.6007	1.228
36.7006	1.213
36.8006	1.207
36.9006	1.209
37.0006	1.221
37.1007	1.239
37.2008	1.264
37.3009	1.294
37.4010	1.328
37.5011	1.365
37.6012	1.400
37.7013	1.431
37.8013	1.455
37.9014	1.472
38.0014	1.481
38.1014	1.482
38.2014	1.472
38.3013	1.456
38.4013	1.432
38.5012	1.402
38.6011	1.367
38.7010	1.331
38.8009	1.297
38.9008	1.266
39.0007	1.240
39.1006	1.219
39.2006	1.208
39.3006	1.205
39.4006	1.211
39.5007	1.226
39.6007	1.248
39.7008	1.276
39.8009	1.309
39.9010	1.343
40.0011	1.380
40.1012	1.412
40.2013	1.442
40.3014	1.464
40.4014	1.480
40.5014	1.485
40.6014	1.481
40.7014	1.469
40.8013	1.447
40.9012	1.419
41.0011	1.387
41.1010	1.351
41.2009	1.315
41.3008	1.282
41.4007	1.253
41.5007	1.230
41.6006	1.214
41.7006	1.206
41.8006	1.207
41.9006	1.217
42.0007	1.235
42.1008	1.260
42.2008	1.290
42.3009	1.324
42.4010	1.361
42.5012	1.396
42.6012	1.427
42.7013	1.454
42.8014	1.472
42.9014	1.482
43.0014	1.483
43.1014	1.473
43.2013	1.457
43.3013	1.434
43.4012	1.404
43.5011	1.371
43.6010	1.335
43.7009	1.301
43.8008	1.269
43.9007	1.243
44.0006	1.223
44.1006	1.212
44.2006	1.208
44.3006	1.214
44.4007	1.227
44.5007	1.248
44.6008	1.275
44.7009	1.304
44.8010	1.339
44.9011	1.374
45.0012	1.407
45.1013	1.437
45.2013	1.459
45.3014	1.473
45.4014	1.480
45.5014	1.477
45.6014	1.466
45.7013	1.448
45.8012	1.421
45.9011	1.391
46.0010	1.356
46.1009	1.321
46.2008	1.289
46.3008	1.260
46.4007	1.237
46.5006	1.220
46.6006	1.211
46.7006	1.210
46.8006	1.217
46.9007	1.233
47.0007	1.257
47.1008	1.286
47.2009	1.318
47.3010	1.353
47.4011	1.389
47.5012	1.418
47.6013	1.446
47.7014	1.465
47.8014	1.476
47.9014	1.481
48.0014	1.475
48.1013	1.461
48.2013	1.438
48.3012	1.408
48.4011	1.377
48.5010	1.342
48.6009	1.307
48.7008	1.275
48.8007	1.248
48.9007	1.227
49.0006	1.214
49.1006	1.208
49.2006	1.212
49.3007	1.224
49.4007	1.243
49.5008	1.269
49.6009	1.299
49.7010	1.333
49.8011	1.369
49.9012	1.401
50.0013	1.432
50.1013	1.457
50.2014	1.473
50.3014	1.480
50.4014	1.479
50.5014	1.469
50.6013	1.450
50.7012	1.426
