Position, Messreihe #4
Zeit ( s )	Position ( m )
7,8200E-4	0,117
0,1008	0,117
0,2008	0,117
0,3008	0,117
0,4008	0,117
0,5008	0,116
0,6008	0,116
0,7008	0,116
0,8008	0,116
0,9008	0,118
1,0008	0,123
1,1009	0,131
1,2009	0,142
1,3010	0,154
1,4011	0,167
1,5012	0,178
1,6013	0,189
1,7013	0,200
1,8014	0,210
1,9014	0,214
2,0015	0,218
2,1014	0,214
2,2014	0,208
2,3013	0,198
2,4013	0,188
2,5012	0,177
2,6011	0,166
2,7010	0,153
2,8009	0,141
2,9009	0,131
3,0008	0,123
3,1008	0,118
3,2008	0,117
3,3008	0,118
3,4008	0,122
3,5009	0,129
3,6009	0,139
3,7010	0,150
3,8011	0,162
3,9012	0,173
4,0012	0,183
4,1013	0,193
4,2014	0,202
4,3014	0,209
4,4014	0,212
4,5014	0,213
4,6014	0,209
4,7014	0,202
4,8013	0,193
4,9012	0,183
5,0012	0,173
5,1011	0,161
5,2010	0,149
5,3009	0,138
5,4009	0,129
5,5008	0,122
5,6008	0,118
5,7008	0,117
5,8008	0,119
5,9008	0,123
6,0009	0,131
6,1009	0,141
6,2010	0,154
6,3011	0,166
6,4012	0,177
6,5013	0,188
6,6013	0,199
6,7014	0,206
6,8014	0,214
6,9014	0,215
7,0014	0,214
7,1014	0,207
7,2013	0,199
7,3013	0,188
7,4012	0,177
7,5011	0,167
7,6010	0,154
7,7009	0,142
7,8009	0,131
7,9008	0,124
8,0008	0,119
8,1008	0,117
8,2008	0,118
8,3008	0,122
8,4009	0,129
8,5009	0,138
8,6010	0,149
8,7011	0,161
8,8012	0,172
8,9012	0,183
9,0013	0,192
9,1013	0,201
9,2014	0,208
9,3014	0,214
9,4014	0,212
9,5014	0,209
9,6013	0,201
9,7013	0,193
9,8012	0,183
9,9012	0,173
10,0011	0,162
10,1010	0,150
10,2009	0,139
10,3009	0,130
10,4008	0,123
10,5008	0,119
10,6008	0,117
10,7008	0,119
10,8008	0,124
10,9009	0,131
11,0009	0,141
11,1010	0,153
11,2011	0,166
11,3012	0,176
11,4013	0,187
11,5013	0,197
11,6014	0,207
11,7014	0,211
11,8014	0,216
11,9014	0,212
12,0014	0,208
12,1013	0,198
12,2013	0,189
12,3012	0,178
12,4011	0,168
12,5010	0,155
12,6010	0,142
12,7009	0,132
12,8008	0,124
12,9008	0,119
13,0008	0,117
13,1008	0,118
13,2008	0,122
13,3009	0,129
13,4009	0,138
13,5010	0,148
13,6011	0,161
13,7012	0,172
13,8012	0,182
13,9013	0,192
14,0013	0,201
14,1014	0,208
14,2014	0,210
14,3014	0,212
14,4014	0,208
14,5013	0,201
14,6013	0,193
14,7012	0,183
14,8012	0,173
14,9011	0,163
15,0010	0,151
15,1009	0,140
15,2009	0,131
15,3008	0,124
15,4008	0,119
15,5008	0,118
15,6008	0,119
15,7008	0,124
15,8009	0,131
15,9009	0,141
16,0010	0,153
16,1011	0,165
16,2012	0,176
16,3012	0,186
16,4013	0,196
16,5014	0,205
16,6014	0,212
16,7014	0,214
16,8014	0,214
16,9014	0,207
17,0013	0,199
17,1013	0,189
17,2012	0,178
17,3011	0,168
17,4010	0,156
17,5010	0,143
17,6009	0,133
17,7008	0,125
17,8008	0,120
17,9008	0,118
18,0008	0,119
18,1008	0,122
18,2009	0,129
18,3009	0,137
18,4010	0,148
18,5011	0,160
18,6011	0,171
18,7012	0,181
18,8013	0,191
18,9013	0,200
19,0014	0,207
19,1014	0,211
19,2014	0,210
19,3014	0,208
19,4013	0,201
19,5013	0,193
19,6012	0,183
19,7012	0,174
19,8011	0,163
19,9010	0,152
20,0009	0,141
20,1009	0,131
20,2008	0,125
20,3008	0,120
20,4008	0,119
20,5008	0,120
20,6008	0,124
20,7009	0,131
20,8009	0,141
20,9010	0,152
21,0011	0,164
21,1012	0,175
21,2012	0,185
21,3013	0,195
21,4014	0,204
21,5014	0,210
21,6014	0,213
21,7014	0,211
21,8014	0,207
21,9013	0,199
22,0013	0,189
22,1012	0,179
22,2011	0,169
22,3010	0,156
22,4010	0,144
22,5009	0,134
22,6008	0,126
22,7008	0,121
22,8008	0,118
22,9008	0,119
23,0008	0,122
23,1009	0,128
23,2009	0,138
23,3010	0,148
23,4011	0,160
23,5011	0,171
23,6012	0,181
23,7013	0,190
23,8013	0,199
23,9014	0,205
24,0014	0,209
24,1014	0,210
24,2014	0,207
24,3013	0,201
24,4013	0,193
24,5012	0,184
24,6012	0,174
24,7011	0,164
24,8010	0,153
24,9009	0,141
25,0009	0,132
25,1008	0,125
25,2008	0,121
25,3008	0,119
25,4008	0,121
25,5008	0,124
25,6009	0,131
25,7009	0,141
25,8010	0,151
25,9011	0,163
26,0012	0,174
26,1012	0,184
26,2013	0,194
26,3014	0,203
26,4014	0,209
26,5014	0,213
26,6014	0,212
26,7014	0,207
26,8013	0,199
26,9013	0,190
27,0012	0,179
27,1011	0,170
27,2011	0,157
27,3010	0,145
27,4009	0,134
27,5008	0,127
27,6008	0,121
27,7008	0,119
27,8008	0,119
27,9008	0,122
28,0009	0,128
28,1009	0,137
28,2010	0,147
28,3011	0,159
28,4011	0,171
28,5012	0,180
28,6013	0,190
28,7013	0,199
28,8014	0,206
28,9014	0,209
29,0014	0,209
29,1014	0,207
29,2013	0,201
29,3013	0,193
29,4012	0,184
29,5012	0,174
29,6011	0,164
29,7010	0,153
29,8010	0,142
29,9009	0,133
30,0008	0,126
30,1008	0,122
30,2008	0,120
30,3008	0,121
30,4008	0,125
30,5009	0,131
30,6009	0,140
30,7010	0,151
30,8011	0,163
30,9012	0,173
31,0012	0,183
31,1013	0,193
31,2014	0,202
31,3014	0,208
31,4014	0,211
31,5014	0,211
31,6014	0,207
31,7013	0,199
31,8013	0,190
31,9012	0,180
32,0011	0,170
32,1011	0,158
32,2010	0,146
32,3009	0,136
32,4009	0,127
32,5008	0,122
32,6008	0,119
32,7008	0,120
32,8008	0,123
32,9009	0,128
33,0009	0,137
33,1010	0,147
33,2011	0,159
33,3011	0,170
33,4012	0,180
33,5013	0,189
33,6013	0,198
33,7014	0,204
33,8014	0,208
33,9014	0,209
34,0014	0,207
34,1013	0,201
34,2013	0,193
34,3012	0,184
34,4012	0,174
34,5011	0,164
34,6010	0,154
34,7010	0,143
34,8009	0,133
34,9008	0,127
35,0008	0,122
35,1008	0,121
35,2008	0,122
35,3008	0,125
35,4009	0,131
35,5009	0,140
35,6010	0,150
35,7011	0,162
35,8012	0,173
35,9012	0,183
36,0013	0,192
36,1013	0,201
36,2014	0,207
36,3014	0,211
36,4014	0,210
36,5014	0,207
36,6013	0,199
36,7013	0,190
36,8012	0,180
36,9011	0,170
37,0011	0,159
37,1010	0,146
37,2009	0,136
37,3009	0,128
37,4008	0,123
37,5008	0,120
37,6008	0,120
37,7008	0,123
37,8009	0,128
37,9009	0,137
38,0010	0,147
38,1011	0,158
38,2011	0,170
38,3012	0,179
38,4013	0,189
38,5013	0,197
38,6014	0,204
38,7014	0,208
38,8014	0,208
38,9014	0,205
39,0013	0,200
39,1013	0,193
39,2012	0,184
39,3012	0,175
39,4011	0,165
39,5010	0,154
39,6010	0,143
39,7009	0,134
39,8009	0,127
39,9008	0,123
40,0008	0,121
40,1008	0,122
40,2008	0,126
40,3009	0,131
40,4009	0,140
40,5010	0,150
40,6011	0,161
40,7012	0,172
40,8012	0,182
40,9013	0,191
41,0013	0,200
41,1014	0,206
41,2014	0,209
41,3014	0,209
41,4014	0,205
41,5013	0,199
41,6013	0,190
41,7012	0,180
41,8011	0,170
41,9011	0,159
42,0010	0,147
42,1009	0,137
42,2009	0,129
42,3008	0,123
42,4008	0,120
42,5008	0,120
42,6008	0,123
42,7009	0,128
42,8009	0,136
42,9010	0,146
43,0011	0,158
43,1011	0,170
43,2012	0,179
43,3013	0,188
43,4013	0,196
43,5014	0,203
43,6014	0,207
43,7014	0,208
43,8014	0,206
43,9013	0,200
44,0013	0,193
44,1012	0,184
44,2012	0,175
44,3011	0,165
44,4010	0,154
44,5010	0,144
44,6009	0,135
44,7009	0,128
44,8008	0,124
44,9008	0,122
45,0008	0,123
45,1008	0,126
45,2009	0,132
45,3009	0,140
45,4010	0,150
45,5011	0,161
45,6012	0,172
45,7012	0,181
45,8013	0,191
45,9013	0,199
46,0014	0,206
46,1014	0,209
46,2014	0,209
46,3014	0,205
46,4013	0,199
46,5013	0,190
46,6012	0,181
46,7011	0,171
46,8011	0,160
46,9010	0,148
47,0009	0,138
47,1009	0,130
47,2008	0,124
47,3008	0,121
47,4008	0,121
47,5008	0,123
47,6009	0,128
47,7009	0,136
47,8010	0,146
47,9011	0,157
48,0011	0,169
48,1012	0,178
48,2013	0,187
48,3013	0,195
48,4014	0,202
48,5014	0,207
48,6014	0,208
48,7014	0,205
48,8013	0,200
48,9013	0,192
49,0012	0,184
49,1012	0,175
49,2011	0,165
49,3010	0,155
49,4010	0,144
49,5009	0,135
49,6009	0,129
49,7008	0,124
49,8008	0,122
49,9008	0,123
50,0008	0,126
50,1009	0,132
50,2009	0,140
50,3010	0,149
50,4011	0,161
50,5011	0,171
50,6012	0,181
50,7013	0,190
50,8013	0,198
50,9014	0,204
51,0014	0,208
51,1014	0,208
51,2014	0,204
51,3013	0,198
51,4013	0,190
51,5012	0,181
51,6011	0,171
51,7011	0,161
51,8010	0,149
51,9009	0,139
52,0009	0,130
52,1008	0,124
52,2008	0,121
52,3008	0,121
52,4008	0,123
52,5009	0,128
52,6009	0,136
52,7010	0,146
52,8011	0,157
52,9011	0,169
53,0012	0,177
53,1013	0,187
53,2013	0,195
53,3014	0,202
53,4014	0,206
53,5014	0,207
53,6014	0,205
53,7013	0,200
53,8013	0,192
53,9012	0,184
54,0012	0,175
54,1011	0,166
54,2010	0,155
54,3010	0,145
54,4009	0,136
54,5009	0,129
54,6008	0,125
54,7008	0,123
54,8008	0,124
54,9008	0,127
55,0009	0,132
55,1009	0,140
55,2010	0,149
55,3011	0,160
55,4011	0,171
55,5012	0,180
55,6013	0,189
55,7013	0,198
55,8014	0,203
55,9014	0,207
56,0014	0,208
56,1014	0,204
56,2013	0,198
56,3013	0,190
56,4012	0,181
56,5012	0,172
56,6011	0,161
56,7010	0,150
56,8009	0,140
56,9009	0,131
57,0008	0,125
57,1008	0,122
57,2008	0,121
57,3008	0,124
57,4009	0,128
57,5009	0,136
57,6010	0,145
57,7010	0,157
57,8011	0,168
57,9012	0,177
58,0012	0,186
58,1013	0,194
58,2013	0,201
58,3014	0,205
58,4014	0,207
58,5014	0,204
58,6013	0,200
58,7013	0,192
58,8012	0,184
58,9012	0,175
59,0011	0,166
59,1010	0,156
59,2010	0,145
59,3009	0,137
