0,1005	0,168
0,2004	0,152
0,3004	0,149
0,4005	0,158
0,5005	0,180
0,6006	0,212
0,7007	0,253
0,8009	0,300
0,9010	0,351
1,0012	0,401
1,1013	0,448
1,2014	0,488
1,3015	0,523
1,4016	0,557
1,5060	2,070
1,6016	0,545
1,7015	0,516
1,8014	0,480
1,9013	0,440
2,0011	0,394
2,1010	0,342
2,2009	0,293
2,3007	0,247
2,4006	0,208
2,5005	0,178
2,6005	0,158
2,7004	0,152
2,8005	0,157
2,9005	0,175
3,0006	0,204
3,1007	0,240
3,2008	0,284
3,3010	0,333
3,4011	0,384
3,5013	0,432
3,6014	0,472
3,7015	0,510
3,8016	0,537
3,9022	0,761
4,0016	0,553
4,1015	0,522
4,2014	0,492
4,3013	0,453
4,4012	0,408
4,5010	0,360
4,6009	0,309
4,7008	0,263
4,8007	0,224
4,9006	0,191
5,0005	0,167
5,1005	0,156
5,2005	0,155
5,3005	0,168
5,4006	0,193
5,5007	0,228
5,6008	0,270
5,7009	0,316
5,8011	0,367
5,9012	0,414
6,0013	0,458
6,1014	0,494
6,2015	0,523
6,3016	0,548
6,4016	0,549
6,5015	0,528
6,6015	0,499
6,7013	0,464
6,8012	0,423
6,9011	0,376
7,0009	0,326
7,1008	0,280
7,2007	0,237
7,3006	0,202
7,4005	0,176
7,5005	0,160
7,6005	0,157
7,7005	0,166
7,8005	0,187
7,9006	0,218
8,0007	0,257
8,1009	0,302
8,2010	0,350
8,3012	0,398
8,4013	0,442
8,5014	0,481
8,6015	0,511
8,7016	0,534
8,8016	0,542
8,9015	0,528
9,0015	0,506
9,1014	0,472
9,2013	0,435
9,3011	0,391
9,4010	0,342
9,5009	0,296
9,6007	0,253
9,7006	0,216
9,8005	0,188
9,9005	0,170
10,0005	0,163
10,1005	0,168
10,2005	0,185
10,3006	0,212
10,4007	0,247
10,5008	0,288
10,6010	0,334
10,7011	0,381
10,8012	0,425
10,9013	0,463
11,0014	0,495
11,1015	0,517
11,2015	0,529
11,3015	0,523
11,4015	0,505
11,5014	0,478
11,6013	0,445
11,7012	0,403
11,8010	0,359
11,9009	0,312
12,0008	0,270
12,1007	0,233
12,2006	0,204
12,3005	0,183
12,4005	0,173
12,5005	0,174
12,6005	0,186
12,7006	0,208
12,8007	0,238
12,9008	0,276
13,0009	0,318
13,1011	0,364
13,2012	0,406
13,3013	0,446
13,4014	0,477
13,5015	0,502
13,6015	0,517
13,7015	0,518
13,8015	0,507
13,9014	0,483
14,0013	0,452
14,1012	0,414
14,2011	0,373
14,3010	0,329
14,4008	0,287
14,5007	0,250
14,6006	0,219
14,7006	0,196
14,8005	0,182
14,9005	0,178
15,0005	0,186
15,1006	0,205
15,2007	0,232
15,3008	0,266
15,4009	0,305
15,5010	0,347
15,6011	0,390
15,7012	0,429
15,8013	0,461
15,9014	0,487
16,0015	0,503
16,1015	0,510
16,2015	0,503
16,3014	0,485
16,4013	0,457
16,5012	0,425
16,6011	0,386
16,7010	0,345
16,8009	0,303
16,9008	0,266
17,0007	0,234
17,1006	0,209
17,2006	0,193
17,3005	0,187
17,4006	0,191
17,5006	0,205
17,6007	0,228
17,7008	0,259
17,8009	0,294
17,9010	0,333
18,0011	0,374
18,1012	0,410
18,2013	0,445
18,3014	0,472
18,4014	0,489
18,5014	0,498
18,6014	0,494
18,7014	0,482
18,8013	0,459
18,9013	0,431
19,0012	0,396
19,1010	0,358
19,2009	0,319
19,3008	0,283
19,4007	0,251
19,5007	0,225
19,6006	0,208
19,7006	0,199
19,8006	0,200
19,9006	0,210
20,0007	0,229
20,1007	0,254
20,2008	0,285
20,3009	0,320
20,4010	0,358
20,5011	0,394
20,6012	0,427
20,7013	0,453
20,8014	0,471
20,9014	0,482
21,0014	0,483
21,1014	0,475
21,2013	0,459
21,3013	0,435
21,4012	0,404
21,5011	0,370
21,6010	0,334
21,7009	0,299
21,8008	0,269
21,9007	0,244
22,0007	0,225
22,1006	0,214
22,2006	0,211
22,3006	0,216
22,4007	0,229
22,5007	0,251
22,6008	0,278
22,7009	0,309
22,8010	0,342
22,9011	0,378
23,0012	0,407
23,1013	0,436
23,2013	0,455
23,3014	0,468
23,4014	0,472
23,5014	0,468
23,6013	0,456
23,7013	0,437
23,8012	0,409
23,9011	0,381
24,0010	0,348
24,1009	0,315
24,2008	0,286
24,3008	0,260
24,4007	0,240
24,5007	0,227
24,6006	0,221
24,7007	0,224
24,8007	0,234
24,9007	0,251
25,0008	0,274
25,1009	0,301
25,2010	0,330
25,3011	0,362
25,4011	0,393
25,5012	0,417
25,6013	0,439
25,7013	0,453
25,8013	0,459
25,9013	0,459
26,0013	0,450
26,1013	0,435
26,2012	0,412
26,3011	0,388
26,4010	0,359
26,5010	0,329
26,6009	0,302
26,7008	0,277
26,8007	0,257
26,9007	0,243
27,0007	0,235
27,1007	0,234
27,2007	0,241
27,3007	0,254
27,4008	0,272
27,5009	0,295
27,6009	0,320
27,7010	0,349
27,8011	0,376
27,9012	0,401
28,0012	0,421
28,1013	0,436
28,2013	0,444
28,3013	0,446
28,4013	0,442
28,5013	0,431
28,6012	0,413
28,7011	0,393
28,8011	0,369
28,9010	0,342
29,0009	0,317
29,1009	0,294
29,2008	0,275
29,3008	0,260
29,4007	0,251
29,5007	0,248
29,6007	0,251
29,7008	0,259
29,8008	0,273
29,9008	0,291
30,0009	0,312
30,1010	0,335
30,2010	0,360
30,3011	0,383
30,4012	0,401
30,5012	0,416
30,6012	0,428
30,7013	0,432
30,8013	0,431
30,9012	0,424
31,0012	0,411
31,1012	0,396
31,2011	0,376
31,3010	0,355
31,4010	0,332
31,5009	0,311
31,6009	0,293
31,7008	0,278
31,8008	0,268
31,9008	0,262
32,0008	0,262
32,1008	0,266
32,2008	0,276
32,3008	0,289
32,4009	0,306
32,5009	0,325
32,6010	0,345
32,7011	0,366
32,8011	0,384
32,9012	0,399
33,0012	0,408
33,1012	0,416
33,2012	0,418
33,3012	0,414
33,4012	0,406
33,5012	0,397
33,6011	0,381
33,7011	0,364
33,8010	0,346
33,9009	0,326
34,0009	0,310
34,1009	0,296
34,2008	0,285
34,3008	0,278
34,4008	0,275
34,5008	0,276
34,6008	0,282
34,7008	0,291
34,8009	0,303
34,9009	0,318
35,0010	0,334
35,1010	0,351
35,2011	0,367
35,3011	0,381
35,4011	0,394
35,5012	0,400
35,6012	0,403
35,7012	0,403
35,8012	0,400
35,9011	0,393
36,0011	0,383
36,1011	0,370
36,2010	0,356
36,3010	0,340
36,4009	0,326
36,5009	0,313
36,6009	0,303
36,7009	0,295
36,8008	0,290
36,9008	0,288
37,0008	0,290
37,1009	0,295
37,2009	0,303
37,3009	0,313
37,4009	0,324
37,5010	0,338
37,6010	0,351
37,7011	0,363
37,8011	0,373
37,9011	0,382
38,0011	0,388
38,1011	0,391
38,2011	0,391
38,3011	0,388
38,4011	0,382
38,5011	0,374
38,6011	0,364
38,7010	0,354
38,8010	0,342
38,9010	0,330
39,0009	0,321
39,1009	0,312
39,2009	0,306
39,3009	0,302
39,4009	0,300
39,5009	0,301
39,6009	0,304
39,7009	0,309
39,8009	0,317
39,9009	0,325
40,0010	0,335
40,1010	0,344
40,2010	0,355
40,3011	0,364
40,4011	0,371
40,5011	0,376
40,6011	0,379
40,7011	0,381
40,8011	0,379
40,9011	0,376
41,0011	0,371
41,1011	0,364
41,2010	0,357
41,3010	0,348
41,4010	0,339
41,5010	0,330
41,6009	0,322
41,7009	0,316
41,8009	0,312
41,9009	0,309
42,0009	0,308
42,1009	0,309
42,2009	0,312
42,3009	0,316
42,4009	0,322
42,5010	0,329
42,6010	0,337
42,7010	0,346
42,8010	0,354
42,9010	0,361
43,0011	0,367
43,1011	0,371
43,2011	0,374
43,3011	0,376
43,4011	0,375
43,5011	0,372
43,6011	0,368
43,7011	0,363
43,8010	0,356
43,9010	0,348
44,0010	0,340
44,1010	0,332
44,2009	0,325
44,3009	0,319
44,4009	0,314
44,5009	0,311
44,6009	0,309
44,7009	0,309
44,8009	0,311
44,9009	0,315
45,0009	0,321
45,1010	0,327
45,2010	0,335
45,3010	0,344
45,4010	0,352
45,5010	0,360
45,6011	0,367
45,7011	0,372
45,8011	0,376
45,9011	0,378
46,0011	0,378
46,1011	0,376
46,2011	0,372
46,3011	0,366
46,4010	0,359
46,5010	0,351
46,6010	0,342
46,7010	0,331
46,8009	0,323
46,9009	0,315
47,0009	0,309
47,1009	0,305
47,2009	0,303
47,3009	0,303
47,4009	0,305
47,5009	0,310
47,6009	0,317
47,7009	0,325
47,8010	0,335
47,9010	0,346
48,0010	0,357
48,1011	0,367
48,2011	0,375
48,3011	0,382
48,4011	0,387
48,5011	0,389
48,6011	0,388
48,7011	0,384
48,8011	0,377
48,9011	0,368
49,0010	0,357
49,1010	0,346
49,2010	0,332
49,3009	0,321
49,4009	0,310
49,5009	0,302
49,6009	0,296
49,7008	0,292
49,8008	0,292
49,9009	0,294
50,0009	0,300
50,1009	0,309
50,2009	0,319
50,3010	0,332
50,4010	0,347
50,5010	0,360
50,6011	0,373
50,7011	0,384
50,8011	0,393
50,9012	0,397
51,0012	0,400
51,1012	0,398
51,2011	0,393
51,3011	0,385
51,4011	0,373
51,5010	0,360
51,6010	0,344
51,7010	0,329
51,8009	0,314
51,9009	0,302
52,0008	0,291
52,1008	0,284
52,2008	0,280
52,3008	0,280
52,4008	0,284
52,5008	0,292
52,6009	0,303
52,7009	0,317
52,8010	0,333
52,9010	0,351
53,0011	0,367
53,1011	0,383
53,2011	0,395
53,3012	0,404
53,4012	0,410
53,5012	0,411
53,6012	0,408
53,7012	0,401
53,8011	0,391
53,9011	0,376
54,0010	0,359
54,1010	0,340
54,2009	0,321
54,3009	0,304
54,4008	0,289
54,5008	0,278
54,6008	0,271
54,7008	0,268
54,8008	0,269
54,9008	0,276
55,0008	0,287
55,1009	0,301
55,2009	0,319
55,3010	0,338
55,4010	0,360
55,5011	0,379
55,6012	0,396
55,7012	0,409
55,8012	0,419
55,9012	0,425
56,0012	0,425
56,1012	0,417
56,2012	0,406
56,3011	0,394
56,4011	0,373
56,5010	0,352
56,6010	0,330
56,7009	0,308
56,8008	0,289
56,9008	0,274
57,0008	0,262
57,1007	0,256
57,2007	0,255
57,3008	0,260
57,4008	0,271
57,5008	0,286
57,6009	0,304
57,7009	0,326
57,8010	0,351
57,9011	0,374
58,0011	0,395
58,1012	0,412
58,2012	0,428
58,3013	0,436
58,4013	0,438
58,5013	0,434
58,6012	0,424
58,7012	0,407
58,8011	0,390
58,9011	0,365
59,0010	0,339
59,1009	0,315
59,2008	0,292
59,3008	0,272
59,4007	0,257
59,5007	0,247
59,6007	0,243
59,7007	0,246
59,8007	0,255
59,9008	0,270
60,0008	0,289
60,1009	0,313
60,2010	0,340
60,3011	0,366
60,4011	0,392
60,5012	0,413
60,6013	0,432
60,7013	0,444
60,8013	0,449
60,9013	0,448
61,0013	0,439
61,1012	0,425
61,2012	0,403
61,3011	0,379
61,4010	0,352
61,5009	0,323
61,6009	0,297
61,7008	0,273
61,8007	0,254
61,9007	0,241
62,0007	0,235
62,1007	0,235
62,2007	0,242
62,3007	0,255
62,4008	0,274
62,5009	0,298
62,6009	0,326
62,7010	0,357
62,8011	0,385
62,9012	0,410
63,0013	0,434
63,1013	0,449
63,2013	0,458
63,3013	0,459
63,4013	0,453
63,5013	0,440
63,6012	0,420
63,7011	0,395
63,8011	0,365
63,9010	0,334
64,0009	0,304
64,1008	0,277
64,2007	0,254
64,3007	0,236
64,4007	0,225
64,5006	0,222
64,6007	0,227
64,7007	0,239
64,8008	0,259
64,9008	0,284
65,0009	0,313
65,1010	0,344
65,2011	0,377
65,3012	0,406
65,4013	0,433
65,5013	0,453
65,6014	0,465
65,7014	0,471
65,8014	0,467
65,9013	0,455
66,0013	0,436
66,1012	0,408
66,2011	0,379
66,3010	0,346
66,4009	0,312
66,5008	0,282
66,6007	0,255
66,7007	0,233
66,8006	0,219
66,9006	0,213
67,0006	0,215
67,1007	0,226
67,2007	0,244
67,3008	0,269
67,4009	0,299
67,5010	0,332
67,6011	0,368
67,7012	0,401
67,8013	0,431
67,9013	0,454
68,0014	0,472
68,1014	0,480
68,2014	0,479
68,3014	0,467
68,4013	0,450
68,5012	0,425
68,6011	0,394
68,7010	0,359
68,8009	0,322
68,9008	0,289
69,0008	0,259
69,1007	0,234
69,2006	0,216
69,3006	0,206
69,4006	0,206
69,5006	0,215
69,6007	0,232
69,7007	0,255
69,8008	0,285
69,9009	0,319
70,0010	0,356
70,1011	0,393
70,2012	0,426
70,3013	0,453
70,4014	0,472
70,5014	0,486
70,6014	0,487
70,7014	0,479
70,8013	0,463
70,9013	0,439
71,0012	0,407
71,1011	0,373
71,2010	0,334
71,3009	0,298
71,4008	0,265
71,5007	0,237
71,6006	0,217
71,7006	0,203
71,8006	0,199
71,9006	0,205
72,0006	0,218
72,1007	0,241
72,2008	0,270
72,3009	0,305
72,4010	0,342
72,5011	0,382
72,6012	0,417
72,7013	0,449
72,8014	0,472
72,9014	0,489
73,0014	0,495
73,1014	0,491
73,2014	0,476
73,3013	0,453
73,4012	0,423
73,5011	0,389
73,6010	0,349
73,7009	0,309
73,8008	0,273
73,9007	0,241
74,0006	0,216
74,1006	0,199
74,2006	0,191
74,3006	0,194
74,4006	0,206
74,5007	0,227
74,6007	0,256
74,7008	0,291
74,8010	0,329
74,9011	0,370
75,0012	0,407
75,1013	0,443
75,2014	0,470
75,3014	0,491
75,4015	0,503
75,5015	0,500
75,6014	0,488
75,7014	0,466
75,8013	0,437
75,9012	0,401
76,0011	0,362
76,1009	0,320
76,2008	0,282
76,3007	0,248
76,4006	0,219
76,5006	0,199
76,6005	0,188
76,7005	0,187
76,8006	0,197
76,9006	0,216
77,0007	0,244
77,1008	0,278
77,2009	0,316
77,3010	0,358
77,4012	0,398
77,5013	0,436
77,6014	0,465
77,7014	0,490
77,8015	0,503
77,9015	0,507
78,0014	0,497
78,1014	0,476
78,2013	0,449
78,3012	0,414
78,4011	0,376
78,5010	0,333
78,6009	0,293
78,7007	0,256
78,8007	0,225
78,9006	0,202
79,0005	0,189
79,1005	0,185
79,2006	0,191
79,3006	0,208
79,4007	0,233
79,5008	0,265
79,6009	0,302
79,7010	0,345
79,8011	0,387
79,9012	0,426
80,0013	0,458
80,1014	0,486
80,2015	0,502
80,3015	0,510
80,4015	0,503
80,5014	0,487
80,6013	0,461
80,7012	0,429
80,8011	0,391
80,9010	0,348
81,0009	0,305
81,1008	0,267
81,2007	0,234
81,3006	0,208
81,4006	0,190
81,5005	0,183
81,6005	0,185
81,7006	0,198
81,8006	0,221
81,9007	0,252
82,0008	0,289
82,1010	0,330
82,2011	0,373
82,3012	0,413
82,4013	0,450
82,5014	0,478
82,6015	0,500
82,7015	0,511
82,8015	0,510
82,9014	0,495
83,0014	0,473
83,1013	0,441
83,2012	0,403
83,3011	0,362
83,4009	0,318
83,5008	0,278
83,6007	0,242
83,7006	0,213
83,8006	0,192
83,9005	0,181
84,0005	0,181
84,1006	0,191
84,2006	0,212
84,3007	0,241
84,4008	0,276
84,5009	0,316
84,6010	0,360
84,7012	0,401
84,8013	0,440
84,9014	0,472
85,0014	0,495
85,1015	0,510
85,2015	0,512
85,3015	0,503
85,4014	0,481
85,5013	0,451
85,6012	0,414
85,7011	0,375
85,8010	0,331
85,9008	0,290
86,0007	0,253
86,1006	0,221
86,2006	0,198
86,3005	0,184
86,4005	0,180
86,5005	0,187
86,6006	0,205
86,7007	0,232
86,8008	0,265
86,9009	0,304
87,0010	0,347
87,1011	0,391
87,2012	0,429
87,3013	0,461
87,4014	0,488
87,5015	0,506
87,6015	0,511
87,7015	0,505
87,8014	0,487
87,9013	0,460
88,0012	0,427
88,1011	0,388
88,2010	0,345
88,3009	0,303
88,4008	0,265
88,5007	0,232
88,6006	0,207
88,7006	0,190
88,8005	0,184
88,9005	0,187
89,0006	0,202
89,1007	0,224
89,2007	0,255
89,3008	0,292
89,4010	0,332
89,5011	0,375
89,6012	0,414
89,7013	0,450
89,8014	0,477
89,9014	0,498
90,0015	0,508
90,1015	0,507
90,2014	0,491
90,3014	0,467
90,4013	0,437
90,5012	0,400
90,6010	0,359
90,7009	0,316
90,8008	0,278
90,9007	0,244
91,0006	0,216
91,1006	0,197
91,2005	0,186
91,3005	0,186
91,4006	0,197
91,5006	0,217
91,6007	0,246
91,7008	0,281
91,8009	0,319
91,9011	0,362
92,0012	0,401
92,1013	0,438
92,2014	0,467
92,3014	0,490
92,4015	0,503
92,5015	0,505
92,6014	0,494
92,7014	0,474
92,8013	0,445
92,9012	0,409
93,0011	0,371
93,1010	0,329
93,2008	0,290
93,3007	0,255
93,4007	0,225
93,5006	0,204
93,6006	0,191
93,7005	0,188
93,8006	0,196
93,9006	0,213
94,0007	0,239
94,1008	0,271
94,2009	0,308
94,3010	0,349
94,4011	0,390
94,5012	0,426
94,6013	0,456
94,7014	0,481
94,8014	0,495
94,9015	0,499
95,0014	0,493
95,1014	0,475
95,2013	0,451
95,3012	0,418
95,4011	0,383
95,5010	0,342
95,6009	0,304
95,7008	0,268
95,8007	0,238
95,9006	0,214
96,0006	0,199
96,1006	0,193
96,2006	0,198
96,3006	0,212
96,4007	0,234
96,5008	0,263
96,6009	0,297
96,7010	0,335
96,8011	0,375
96,9012	0,410
97,0013	0,443
97,1014	0,467
97,2014	0,486
97,3014	0,493
97,4014	0,490
97,5014	0,476
97,6013	0,455
97,7012	0,427
97,8011	0,393
97,9010	0,356
98,0009	0,317
98,1008	0,282
98,2007	0,251
98,3007	0,227
98,4006	0,210
98,5006	0,202
98,6006	0,203
98,7006	0,212
98,8007	0,230
98,9007	0,256
99,0008	0,288
99,1009	0,323
99,2011	0,361
99,3012	0,397
99,4012	0,430
99,5013	0,455
99,6014	0,473
99,7014	0,485
99,8014	0,486
99,9014	0,476
100,0013	0,458
100,1013	0,433
100,2012	0,401
100,3011	0,367
100,4010	0,330
100,5009	0,295
100,6008	0,264
100,7007	0,238
100,8006	0,219
100,9006	0,208
101,0006	0,207
101,1006	0,213
101,2007	0,229
101,3007	0,252
101,4008	0,280
101,5009	0,313
101,6010	0,349
101,7011	0,384
101,8012	0,414
101,9013	0,442
102,0013	0,462
102,1014	0,476
102,2014	0,479
102,3014	0,474
102,4013	0,458
102,5013	0,437
102,6012	0,407
102,7011	0,377
102,8010	0,341
102,9009	0,308
103,0008	0,278
103,1007	0,252
103,2007	0,232
103,3006	0,219
103,4006	0,214
103,5006	0,218
103,6007	0,230
103,7007	0,250
103,8008	0,275
103,9009	0,304
104,0010	0,337
104,1011	0,370
104,2012	0,401
104,3012	0,429
104,4013	0,449
104,5013	0,463
104,6014	0,468
104,7014	0,466
104,8013	0,455
104,9013	0,438
105,0012	0,412
105,1011	0,385
105,2010	0,353
105,3009	0,321
105,4008	0,291
105,5008	0,266
105,6007	0,245
105,7007	0,231
105,8007	0,224
105,9007	0,225
106,0007	0,234
106,1007	0,250
106,2008	0,271
106,3009	0,297
106,4009	0,326
106,5010	0,358
106,6011	0,387
106,7012	0,412
106,8013	0,435
106,9013	0,450
107,0013	0,458
107,1013	0,458
107,2013	0,451
107,3013	0,437
107,4012	0,415
107,5011	0,391
107,6011	0,363
107,7010	0,333
107,8009	0,305
107,9008	0,280
108,0008	0,259
108,1007	0,244
108,2007	0,235
108,3007	0,233
108,4007	0,239
108,5007	0,251
108,6008	0,269
108,7008	0,292
108,8009	0,317
108,9010	0,345
109,0011	0,374
109,1012	0,399
109,2012	0,420
109,3013	0,437
109,4013	0,446
109,5013	0,449
109,6013	0,445
109,7013	0,434
109,8012	0,417
109,9012	0,397
110,0011	0,371
110,1010	0,345
110,2009	0,317
110,3009	0,293
110,4008	0,273
110,5007	0,257
110,6007	0,247
110,7007	0,243
110,8007	0,246
110,9007	0,255
111,0008	0,269
111,1008	0,288
111,2009	0,311
111,3010	0,335
111,4011	0,362
111,5011	0,386
111,6012	0,405
111,7012	0,423
111,8013	0,434
111,9013	0,438
112,0013	0,437
112,1012	0,429
112,2012	0,415
112,3012	0,398
112,4011	0,377
112,5010	0,354
112,6010	0,329
112,7009	0,307
112,8008	0,287
112,9008	0,271
113,0008	0,260
113,1007	0,255
113,2007	0,255
113,3008	0,261
113,4008	0,272
113,5008	0,287
113,6009	0,306
113,7010	0,327
113,8010	0,350
113,9011	0,372
114,0011	0,392
114,1012	0,406
114,2012	0,418
114,3012	0,426
114,4012	0,427
114,5012	0,421
114,6012	0,411
114,7012	0,398
114,8011	0,381
114,9010	0,361
115,0010	0,339
115,1009	0,319
115,2009	0,301
115,3008	0,286
115,4008	0,275
115,5008	0,268
115,6008	0,266
115,7008	0,269
115,8008	0,276
115,9008	0,288
116,0009	0,303
116,1009	0,320
116,2010	0,339
116,3010	0,359
116,4011	0,377
116,5011	0,393
116,6012	0,403
116,7012	0,410
116,8012	0,413
116,9012	0,412
117,0012	0,406
117,1012	0,396
117,2011	0,383
117,3011	0,367
117,4010	0,350
117,5010	0,331
117,6009	0,315
117,7009	0,300
117,8008	0,289
117,9008	0,281
118,0008	0,278
118,1008	0,278
118,2008	0,282
118,3008	0,291
118,4009	0,302
118,5009	0,315
118,6010	0,331
118,7010	0,348
118,8011	0,363
118,9011	0,378
119,0011	0,391
119,1012	0,397
119,2012	0,401
119,3012	0,402
119,4012	0,400
119,5011	0,394
119,6011	0,383
119,7011	0,371
119,8010	0,357
119,9010	0,341
120,0010	0,327
120,1009	0,314
120,2009	0,304
120,3009	0,296
120,4008	0,291
120,5008	0,289
120,6008	0,291
120,7009	0,295
120,8009	0,303
120,9009	0,313
121,0009	0,325
121,1010	0,338
121,2010	0,351
121,3011	0,363
121,4011	0,374
121,5011	0,383
121,6011	0,389
121,7011	0,391
121,8011	0,390
121,9011	0,387
122,0011	0,381
122,1011	0,372
122,2011	0,362
122,3010	0,351
122,4010	0,338
122,5010	0,328
122,6009	0,318
122,7009	0,310
122,8009	0,304
122,9009	0,301
123,0009	0,300
123,1009	0,302
123,2009	0,306
123,3009	0,312
123,4009	0,320
123,5010	0,329
123,6010	0,339
123,7010	0,350
123,8010	0,359
123,9011	0,367
124,0011	0,373
124,1011	0,377
124,2011	0,379
124,3011	0,379
124,4011	0,377
124,5011	0,372
124,6011	0,366
124,7010	0,358
124,8010	0,350
124,9010	0,341
125,0010	0,332
125,1009	0,325
125,2009	0,319
125,3009	0,314
125,4009	0,311
125,5009	0,310
125,6009	0,311
125,7009	0,313
125,8009	0,318
125,9009	0,323
126,0010	0,329
126,1010	0,336
126,2010	0,344
126,3010	0,352
126,4010	0,358
126,5011	0,364
126,6011	0,367
126,7011	0,370
126,8011	0,371
126,9011	0,370
127,0011	0,368
127,1011	0,364
127,2010	0,359
127,3010	0,353
127,4010	0,347
127,5010	0,340
127,6010	0,333
127,7010	0,328
127,8009	0,323
127,9009	0,320
128,0009	0,318
128,1009	0,316
128,2009	0,317
128,3009	0,319
128,4009	0,322
128,5009	0,326
128,6010	0,331
128,7010	0,337
128,8010	0,344
128,9010	0,350
129,0010	0,355
129,1010	0,359
129,2011	0,363
129,3011	0,366
129,4011	0,367
129,5011	0,367
129,6011	0,366
129,7011	0,363
129,8010	0,359
129,9010	0,355
130,0010	0,348
130,1010	0,342
130,2010	0,336
130,3010	0,331
130,4009	0,326
130,5009	0,321
130,6009	0,318
130,7009	0,316
130,8009	0,316
130,9009	0,317
131,0009	0,320
131,1009	0,323
131,2010	0,328
131,3010	0,334
131,4010	0,340
131,5010	0,347
131,6010	0,354
131,7010	0,360
131,8011	0,365
131,9011	0,369
132,0011	0,371
132,1011	0,372
132,2011	0,370
132,3011	0,368
132,4011	0,363
132,5010	0,358
132,6010	0,351
132,7010	0,344
132,8010	0,335
132,9010	0,328
133,0009	0,321
133,1009	0,316
133,2009	0,312
133,3009	0,310
133,4009	0,309
133,5009	0,311
133,6009	0,314
133,7009	0,320
133,8009	0,326
133,9010	0,334
134,0010	0,343
134,1010	0,353
134,2010	0,361
134,3011	0,368
134,4011	0,374
134,5011	0,379
134,6011	0,381
134,7011	0,380
134,8011	0,377
134,9011	0,372
135,0011	0,365
135,1010	0,357
135,2010	0,347
135,3010	0,336
135,4009	0,326
135,5009	0,317
135,6009	0,309
135,7009	0,304
135,8009	0,300
135,9009	0,300
136,0009	0,302
136,1009	0,306
136,2009	0,313
136,3009	0,321
136,4010	0,332
136,5010	0,344
136,6010	0,356
136,7011	0,366
136,8011	0,376
136,9011	0,384
137,0011	0,389
137,1011	0,391
137,2011	0,390
137,3011	0,386
137,4011	0,379
137,5011	0,370
137,6010	0,359
137,7010	0,345
137,8010	0,332
137,9009	0,320
138,0009	0,309
138,1009	0,300
138,2009	0,293
138,3008	0,290
138,4008	0,290
138,5009	0,293
138,6009	0,299
138,7009	0,308
138,8009	0,320
138,9010	0,333
139,0010	0,349
139,1011	0,362
139,2011	0,375
139,3011	0,387
139,4011	0,395
139,5012	0,400
139,6012	0,401
139,7012	0,399
139,8011	0,393
139,9011	0,384
140,0011	0,371
140,1010	0,357
140,2010	0,341
140,3009	0,325
140,4009	0,310
140,5009	0,298
140,6008	0,288
140,7008	0,282
140,8008	0,279
140,9008	0,281
141,0008	0,286
141,1009	0,295
141,2009	0,308
141,3009	0,322
141,4010	0,338
141,5010	0,357
141,6011	0,373
141,7011	0,388
141,8012	0,399
141,9012	0,407
142,0012	0,410
142,1012	0,410
142,2012	0,405
142,3012	0,397
142,4011	0,384
142,5011	0,368
142,6010	0,350
142,7010	0,331
142,8009	0,313
142,9009	0,297
143,0008	0,284
143,1008	0,275
143,2008	0,270
143,3008	0,269
143,4008	0,273
143,5008	0,282
143,6009	0,295
143,7009	0,311
143,8010	0,329
143,9010	0,350
144,0011	0,369
144,1011	0,387
144,2012	0,402
144,3012	0,412
144,4012	0,421
144,5012	0,423
144,6012	0,418
144,7012	0,408
144,8012	0,397
144,9011	0,380
145,0010	0,361
145,1010	0,338
145,2009	0,318
145,3009	0,299
145,4008	0,283
145,5008	0,270
145,6008	0,262
145,7008	0,259
145,8008	0,262
145,9008	0,270
146,0008	0,282
146,1009	0,299
146,2009	0,319
146,3010	0,341
146,4011	0,364
146,5011	0,385
146,6012	0,403
146,7012	0,417
146,8012	0,428
146,9013	0,432
147,0013	0,430
147,1012	0,423
147,2012	0,408
147,3011	0,393
147,4011	0,371
147,5010	0,349
147,6009	0,324
147,7009	0,302
147,8008	0,283
147,9008	0,267
148,0007	0,256
148,1007	0,251
148,2007	0,251
148,3007	0,258
148,4008	0,270
148,5008	0,287
148,6009	0,308
148,7010	0,331
148,8010	0,357
148,9011	0,380
149,0012	0,401
149,1012	0,419
149,2013	0,433
149,3013	0,440
149,4013	0,440
149,5013	0,434
149,6012	0,423
149,7012	0,404
149,8011	0,384
149,9010	0,359
150,0010	0,332
150,1009	0,307
150,2008	0,285
150,3008	0,266
150,4007	0,252
150,5007	0,244
150,6007	0,242
150,7007	0,247
150,8008	0,258
150,9008	0,275
151,0009	0,296
151,1009	0,320
151,2010	0,347
151,3011	0,375
151,4012	0,399
151,5012	0,420
151,6013	0,436
151,7013	0,446
151,8013	0,449
151,9013	0,445
152,0013	0,434
152,1012	0,417
152,2012	0,396
152,3011	0,369
152,4010	0,341
152,5009	0,314
152,6008	0,288
152,7008	0,267
152,8007	0,250
152,9007	0,239
153,0007	0,234
153,1007	0,237
153,2007	0,247
153,3008	0,263
153,4008	0,285
153,5009	0,310
153,6010	0,338
153,7011	0,367
153,8011	0,395
153,9012	0,418
154,0013	0,438
154,1013	0,450
154,2013	0,456
154,3013	0,454
154,4013	0,445
154,5012	0,429
154,6012	0,406
154,7011	0,381
154,8010	0,352
154,9009	0,321
155,0009	0,294
155,1008	0,269
155,2007	0,249
155,3007	0,235
155,4007	0,229
155,5007	0,229
155,6007	0,237
155,7007	0,252
155,8008	0,273
155,9009	0,299
156,0010	0,327
156,1010	0,359
156,2011	0,390
156,3012	0,414
156,4013	0,437
156,5013	0,453
156,6013	0,461
156,7013	0,461
156,8013	0,454
156,9013	0,440
157,0012	0,417
157,1011	0,393
157,2011	0,362
157,3010	0,330
157,4009	0,300
157,5008	0,273
157,6007	0,251
157,7007	0,234
157,8007	0,225
157,9006	0,223
158,0007	0,229
158,1007	0,242
158,2008	0,262
158,3008	0,288
158,4009	0,317
158,5010	0,350
158,6011	0,381
158,7012	0,408
158,8013	0,435
158,9013	0,453
159,0013	0,464
159,1014	0,467
159,2013	0,462
159,3013	0,449
159,4012	0,430
159,5012	0,403
159,6011	0,373
159,7010	0,341
159,8009	0,308
159,9008	0,279
160,0007	0,254
160,1007	0,234
160,2006	0,222
160,3006	0,218
160,4006	0,221
160,5007	0,233
160,6007	0,252
160,7008	0,277
160,8009	0,306
160,9010	0,338
161,0011	0,372
161,1012	0,403
161,2013	0,431
161,3013	0,452
161,4014	0,465
161,5014	0,471
161,6014	0,469
161,7013	0,458
161,8013	0,440
161,9012	0,413
162,0011	0,384
162,1010	0,351
162,2009	0,317
162,3008	0,286
162,4008	0,259
162,5007	0,237
162,6006	0,222
162,7006	0,214
162,8006	0,216
162,9007	0,225
163,0007	0,243
163,1008	0,267
163,2009	0,296
163,3010	0,328
163,4011	0,363
163,5012	0,396
163,6012	0,426
163,7013	0,449
163,8014	0,465
163,9014	0,474
164,0014	0,473
164,1014	0,465
164,2013	0,448
164,3012	0,425
164,4011	0,395
164,5011	0,362
164,6009	0,326
164,7009	0,294
164,8008	0,265
164,9007	0,241
165,0006	0,223
165,1006	0,213
165,2006	0,212
165,3006	0,219
165,4007	0,235
165,5007	0,257
165,6008	0,286
165,7009	0,318
165,8010	0,353
165,9011	0,387
166,0012	0,417
166,1013	0,444
166,2013	0,463
166,3014	0,474
166,4014	0,476
166,5014	0,470
166,6013	0,455
166,7013	0,434
166,8012	0,404
166,9011	0,372
167,0010	0,337
167,1009	0,303
167,2008	0,272
167,3007	0,246
167,4007	0,226
167,5006	0,214
167,6006	0,210
167,7006	0,215
167,8007	0,228
167,9007	0,249
168,0008	0,276
168,1009	0,307
168,2010	0,341
168,3011	0,377
168,4012	0,408
168,5013	0,438
168,6013	0,459
168,7014	0,472
168,8014	0,480
168,9014	0,475
169,0013	0,461
169,1013	0,442
169,2012	0,413
169,3011	0,383
169,4010	0,348
169,5009	0,313
169,6008	0,281
169,7007	0,253
169,8007	0,231
169,9006	0,216
170,0006	0,209
170,1006	0,212
170,2006	0,223
170,3007	0,242
170,4008	0,267
170,5009	0,298
170,6010	0,331
170,7011	0,367
170,8012	0,400
170,9013	0,431
171,0013	0,454
171,1014	0,469
171,2014	0,479
171,3014	0,478
171,4014	0,466
171,5013	0,448
171,6012	0,423
171,7011	0,393
171,8010	0,358
171,9009	0,322
172,0008	0,290
172,1008	0,261
172,2007	0,237
172,3006	0,220
172,4006	0,211
172,5006	0,211
172,6006	0,219
172,7007	0,236
172,8008	0,260
172,9008	0,289
173,0009	0,321
173,1010	0,357
173,2011	0,391
173,3012	0,422
173,4013	0,447
173,5013	0,464
173,6014	0,475
173,7014	0,476
173,8014	0,468
173,9013	0,453
174,0013	0,431
174,1012	0,401
174,2011	0,368
174,3010	0,333
174,4009	0,300
174,5008	0,270
174,6007	0,244
174,7007	0,225
174,8006	0,215
174,9006	0,212
175,0006	0,218
175,1007	0,232
175,2007	0,253
175,3008	0,280
175,4009	0,312
175,5010	0,346
175,6011	0,381
175,7012	0,411
175,8013	0,439
175,9013	0,458
176,0014	0,470
176,1014	0,474
176,2014	0,469
176,3013	0,456
176,4013	0,436
176,5012	0,408
176,6011	0,378
176,7010	0,343
176,8009	0,310
176,9008	0,279
177,0007	0,253
177,1007	0,232
177,2006	0,219
177,3006	0,214
177,4006	0,217
177,5007	0,229
177,6007	0,248
177,7008	0,273
177,8009	0,303
177,9010	0,335
178,0011	0,370
178,1012	0,401
178,2012	0,430
178,3013	0,451
178,4014	0,465
178,5014	0,471
178,6014	0,469
178,7013	0,459
178,8013	0,441
178,9012	0,415
179,0011	0,387
179,1010	0,354
179,2009	0,320
179,3008	0,289
179,4008	0,262
179,5007	0,240
179,6007	0,225
179,7006	0,218
179,8006	0,219
179,9007	0,228
180,0007	0,244
180,1008	0,267
180,2009	0,295
180,3009	0,326
180,4010	0,360
180,5011	0,391
180,6012	0,419
180,7013	0,442
180,8013	0,458
180,9014	0,466
181,0014	0,467
181,1013	0,459
181,2013	0,444
181,3012	0,422
181,4011	0,394
181,5011	0,363
181,6010	0,330
181,7009	0,299
181,8008	0,272
181,9007	0,249
182,0007	0,233
182,1006	0,224
182,2006	0,222
182,3007	0,229
182,4007	0,243
182,5008	0,263
182,6008	0,288
182,7009	0,317
182,8010	0,350
182,9011	0,381
183,0012	0,407
183,1013	0,433
183,2013	0,450
183,3013	0,460
183,4013	0,463
183,5013	0,457
183,6013	0,445
183,7012	0,426
183,8012	0,400
183,9011	0,371
184,0010	0,339
184,1009	0,310
184,2008	0,283
184,3008	0,259
184,4007	0,242
184,5007	0,231
184,6007	0,227
184,7007	0,231
184,8007	0,242
184,9008	0,260
185,0008	0,283
185,1009	0,310
185,2010	0,339
185,3011	0,370
185,4012	0,397
185,5012	0,422
185,6013	0,441
185,7013	0,452
185,8013	0,457
185,9013	0,454
186,0013	0,444
186,1012	0,428
186,2012	0,404
186,3011	0,379
186,4010	0,350
186,5009	0,320
186,6009	0,293
186,7008	0,270
186,8007	0,251
186,9007	0,239
187,0007	0,233
187,1007	0,235
187,2007	0,243
187,3008	0,259
187,4008	0,279
187,5009	0,303
187,6010	0,330
187,7010	0,360
187,8011	0,388
187,9012	0,410
188,0013	0,431
188,1013	0,444
188,2013	0,450
188,3013	0,450
188,4013	0,442
188,5012	0,428
188,6012	0,407
188,7011	0,385
188,8010	0,358
188,9010	0,329
189,0009	0,304
189,1008	0,281
189,2008	0,262
189,3007	0,248
189,4007	0,241
189,5007	0,240
189,6007	0,246
189,7008	0,259
189,8008	0,276
189,9009	0,298
190,0009	0,323
190,1010	0,351
190,2011	0,376
190,3012	0,400
190,4012	0,419
190,5013	0,434
190,6013	0,442
190,7013	0,443
190,8013	0,439
190,9012	0,427
191,0012	0,409
191,1011	0,390
191,2011	0,365
191,3010	0,338
191,4009	0,314
191,5008	0,291
191,6008	0,273
191,7008	0,259
191,8007	0,250
191,9007	0,247
192,0007	0,251
192,1008	0,261
192,2008	0,276
192,3009	0,295
192,4009	0,317
192,5010	0,342
192,6011	0,366
192,7011	0,390
192,8012	0,407
192,9012	0,423
193,0013	0,432
193,1013	0,436
193,2013	0,433
193,3012	0,425
193,4012	0,409
193,5011	0,392
193,6011	0,370
193,7010	0,348
193,8009	0,323
193,9009	0,302
194,0008	0,284
194,1008	0,269
194,2008	0,260
194,3007	0,256
194,4007	0,257
194,5008	0,264
194,6008	0,276
194,7008	0,292
194,8009	0,312
194,9010	0,333
195,0010	0,357
195,1011	0,378
195,2012	0,397
195,3012	0,410
195,4012	0,422
195,5012	0,427
195,6012	0,426
195,7012	0,419
195,8012	0,408
195,9011	0,394
196,0011	0,375
196,1010	0,355
196,2010	0,332
196,3009	0,313
196,4009	0,295
196,5008	0,281
196,6008	0,270
196,7008	0,265
196,8008	0,264
196,9008	0,269
197,0008	0,278
197,1008	0,292
197,2009	0,308
197,3009	0,327
197,4010	0,348
197,5011	0,367
197,6011	0,385
197,7012	0,400
197,8012	0,409
197,9012	0,415
198,0012	0,417
198,1012	0,413
198,2012	0,405
198,3011	0,394
198,4011	0,378
198,5010	0,360
198,6010	0,340
198,7009	0,322
198,8009	0,306
198,9008	0,292
199,0008	0,282
199,1008	0,275
199,2008	0,273
199,3008	0,275
199,4008	0,282
199,5009	0,293
199,6009	0,306
199,7009	0,322
199,8010	0,339
199,9010	0,358
200,0011	0,374
200,1011	0,388
200,2012	0,398
200,3012	0,404
200,4012	0,407
200,5012	0,406
200,6012	0,400
200,7011	0,392
200,8011	0,379
200,9011	0,364
201,0010	0,348
201,1010	0,331
201,2009	0,316
201,3009	0,303
201,4009	0,293
201,5008	0,286
201,6008	0,283
201,7008	0,283
201,8008	0,287
201,9009	0,295
202,0009	0,306
202,1009	0,319
202,2010	0,333
202,3010	0,349
202,4011	0,363
202,5011	0,376
202,6011	0,387
202,7011	0,394
202,8012	0,397
202,9012	0,398
203,0011	0,395
203,1011	0,388
203,2011	0,379
203,3011	0,367
203,4010	0,354
203,5010	0,339
203,6009	0,326
203,7009	0,314
203,8009	0,305
203,9009	0,298
204,0009	0,293
204,1008	0,292
204,2009	0,294
204,3009	0,299
204,4009	0,307
204,5009	0,317
204,6010	0,328
204,7010	0,340
204,8010	0,354
204,9011	0,365
205,0011	0,374
205,1011	0,382
205,2011	0,387
205,3011	0,389
205,4011	0,388
205,5011	0,384
205,6011	0,377
205,7011	0,368
205,8010	0,358
205,9010	0,348
206,0010	0,335
206,1009	0,325
206,2009	0,316
206,3009	0,309
206,4009	0,304
206,5009	0,302
206,6009	0,302
206,7009	0,305
206,8009	0,310
206,9009	0,316
207,0009	0,325
207,1010	0,334
207,2010	0,345
207,3010	0,354
207,4011	0,363
207,5011	0,370
207,6011	0,375
207,7011	0,378
207,8011	0,379
207,9011	0,377
208,0011	0,373
208,1011	0,368
208,2010	0,361
208,3010	0,353
208,4010	0,343
208,5010	0,335
208,6010	0,327
208,7009	0,321
208,8009	0,316
208,9009	0,313
209,0009	0,311
209,1009	0,311
209,2009	0,314
209,3009	0,318
209,4009	0,323
209,5010	0,329
209,6010	0,337
209,7010	0,345
209,8010	0,352
209,9010	0,358
210,0011	0,363
210,1011	0,367
210,2011	0,369
210,3011	0,369
210,4011	0,368
210,5011	0,366
210,6011	0,362
210,7010	0,357
210,8010	0,351
210,9010	0,344
211,0010	0,338
211,1010	0,332
211,2010	0,327
211,3009	0,324
211,4009	0,321
211,5009	0,319
211,6009	0,319
211,7009	0,320
211,8009	0,323
211,9009	0,326
212,0010	0,330
212,1010	0,335
212,2010	0,340
212,3010	0,345
212,4010	0,351
212,5010	0,355
212,6010	0,359
212,7010	0,361
212,8011	0,362
212,9011	0,362
213,0011	0,361
213,1010	0,359
213,2010	0,357
213,3010	0,353
213,4010	0,349
213,5010	0,345
213,6010	0,339
213,7010	0,335
213,8010	0,331
213,9010	0,328
214,0009	0,326
214,1009	0,324
214,2009	0,324
214,3009	0,324
214,4009	0,326
214,5010	0,328
214,6010	0,331
214,7010	0,334
214,8010	0,338
214,9010	0,343
215,0010	0,348
215,1010	0,352
215,2010	0,355
215,3010	0,358
215,4010	0,360
215,5010	0,361
215,6010	0,361
215,7010	0,360
215,8010	0,358
215,9010	0,355
216,0010	0,352
216,1010	0,347
216,2010	0,342
216,3010	0,337
216,4010	0,333
216,5010	0,329
216,6009	0,326
216,7009	0,324
216,8009	0,322
216,9009	0,322
217,0009	0,323
217,1009	0,325
217,2010	0,327
217,3010	0,331
217,4010	0,336
217,5010	0,341
217,6010	0,347
217,7010	0,352
217,8010	0,357
217,9010	0,360
218,0011	0,363
218,1011	0,365
218,2011	0,365
218,3011	0,365
218,4011	0,362
218,5010	0,359
218,6010	0,354
218,7010	0,349
218,8010	0,342
218,9010	0,336
219,0010	0,330
219,1009	0,325
219,2009	0,320
219,3009	0,317
219,4009	0,316
219,5009	0,316
219,6009	0,317
219,7009	0,320
219,8009	0,324
219,9010	0,330
220,0010	0,336
220,1010	0,344
220,2010	0,352
220,3010	0,359
220,4011	0,364
220,5011	0,369
220,6011	0,372
220,7011	0,373
220,8011	0,373
220,9011	0,370
221,0011	0,365
221,1010	0,359
221,2010	0,352
221,3010	0,344
221,4010	0,335
221,5009	0,327
221,6009	0,320
221,7009	0,314
221,8009	0,310
221,9009	0,308
222,0009	0,307
222,1009	0,310
222,2009	0,314
222,3009	0,320
222,4010	0,327
222,5010	0,336
222,6010	0,346
222,7010	0,356
222,8011	0,364
222,9011	0,372
223,0011	0,378
223,1011	0,381
223,2011	0,382
223,3011	0,380
223,4011	0,376
223,5011	0,370
223,6011	0,362
223,7010	0,352
223,8010	0,340
223,9010	0,330
224,0009	0,320
224,1009	0,312
224,2009	0,305
224,3009	0,301
224,4009	0,299
224,5009	0,300
224,6009	0,303
224,7009	0,309
224,8009	0,318
224,9010	0,328
225,0010	0,339
225,1010	0,352
225,2011	0,363
225,3011	0,373
225,4011	0,381
225,5011	0,387
225,6011	0,390
225,7011	0,390
225,8011	0,387
225,9011	0,381
226,0011	0,372
226,1010	0,361
226,2010	0,349
226,3010	0,335
226,4009	0,322
226,5009	0,311
226,6009	0,302
226,7009	0,295
226,8008	0,291
226,9008	0,291
227,0009	0,293
227,1009	0,299
227,2009	0,308
227,3009	0,319
227,4010	0,331
227,5010	0,345
227,6010	0,360
227,7011	0,373
227,8011	0,384
227,9011	0,392
228,0012	0,397
228,1012	0,399
228,2012	0,397
228,3011	0,391
228,4011	0,382
228,5011	0,370
228,6010	0,357
228,7010	0,341
228,8009	0,326
228,9009	0,312
229,0009	0,300
229,1008	0,291
229,2008	0,285
229,3008	0,282
229,4008	0,284
229,5008	0,289
229,6009	0,298
229,7009	0,309
229,8009	0,323
229,9010	0,339
230,0010	0,356
230,1011	0,371
230,2011	0,385
230,3012	0,396
230,4012	0,402
230,5012	0,406
230,6012	0,405
230,7012	0,401
230,8011	0,394
230,9011	0,380
231,0011	0,365
231,1010	0,349
231,2010	0,330
231,3009	0,314
231,4009	0,300
231,5008	0,288
231,6008	0,280
231,7008	0,275
231,8008	0,275
231,9008	0,280
232,0008	0,288
232,1009	0,300
232,2009	0,315
232,3010	0,332
232,4010	0,351
232,5011	0,369
232,6011	0,385
232,7012	0,398
232,8012	0,407
232,9012	0,412
233,0012	0,413
233,1012	0,409
233,2012	0,401
233,3011	0,390
233,4011	0,374
233,5010	0,356
233,6010	0,336
233,7009	0,318
233,8009	0,301
233,9008	0,287
234,0008	0,276
234,1008	0,270
234,2008	0,268
234,3008	0,271
234,4008	0,279
234,5008	0,291
234,6009	0,306
234,7009	0,324
234,8010	0,344
234,9011	0,365
235,0011	0,383
235,1012	0,399
235,2012	0,410
235,3012	0,417
235,4012	0,421
235,5012	0,418
235,6012	0,410
235,7012	0,399
235,8011	0,383
235,9011	0,364
236,0010	0,344
236,1009	0,322
236,2009	0,303
236,3008	0,287
236,4008	0,274
236,5008	0,265
236,6008	0,262
236,7008	0,263
236,8008	0,270
236,9008	0,282
237,0009	0,297
237,1009	0,316
237,2010	0,337
237,3010	0,359
237,4011	0,380
237,5012	0,398
237,6012	0,412
237,7012	0,423
237,8012	0,428
237,9012	0,427
238,0012	0,420
238,1012	0,407
238,2011	0,394
238,3011	0,373
238,4010	0,351
238,5010	0,328
238,6009	0,307
238,7008	0,288
238,8008	0,273
238,9008	0,262
239,0007	0,256
239,1007	0,256
239,2008	0,262
239,3008	0,273
239,4008	0,289
239,5009	0,308
239,6010	0,329
239,7010	0,354
239,8011	0,376
239,9012	0,397
240,0012	0,412
240,1012	0,426
240,2013	0,433
240,3013	0,433
240,4012	0,428
240,5012	0,416
240,6012	0,401
240,7011	0,381
240,8010	0,359
240,9010	0,334
241,0009	0,311
241,1008	0,291
241,2008	0,273
241,3008	0,260
241,4007	0,253
241,5007	0,251
241,6007	0,255
241,7008	0,265
241,8008	0,280
241,9009	0,299
242,0009	0,322
242,1010	0,347
242,2011	0,371
242,3011	0,393
242,4012	0,411
242,5012	0,427
242,6013	0,436
242,7013	0,438
242,8013	0,435
242,9012	0,425
243,0012	0,408
243,1011	0,390
243,2011	0,367
243,3010	0,341
243,4009	0,317
243,5009	0,294
243,6008	0,275
243,7008	0,260
243,8007	0,250
243,9007	0,247
244,0007	0,249
244,1007	0,258
244,2008	0,272
244,3008	0,291
244,4009	0,314
244,5010	0,338
244,6011	0,364
244,7011	0,389
244,8012	0,408
244,9012	0,426
245,0013	0,437
245,1013	0,442
245,2013	0,440
245,3013	0,432
245,4012	0,416
245,5012	0,398
245,6011	0,375
245,7010	0,350
245,8009	0,323
245,9009	0,299
246,0008	0,278
246,1008	0,261
246,2007	0,249
246,3007	0,244
246,4007	0,244
246,5007	0,252
246,6008	0,265
246,7008	0,283
246,8009	0,305
246,9010	0,330
247,0010	0,358
247,1011	0,383
247,2012	0,405
247,3012	0,425
247,4013	0,438
247,5013	0,444
247,6013	0,444
247,7013	0,438
247,8012	0,425
247,9012	0,405
248,0011	0,384
248,1010	0,358
248,2010	0,330
248,3009	0,305
248,4008	0,282
248,5008	0,263
248,6007	0,250
248,7007	0,242
248,8007	0,241
248,9007	0,246
249,0008	0,259
249,1008	0,276
249,2009	0,298
249,3009	0,323
249,4010	0,351
249,5011	0,377
249,6012	0,401
249,7012	0,422
249,8013	0,437
249,9013	0,445
250,0013	0,447
250,1013	0,442
250,2013	0,431
250,3012	0,412
250,4011	0,391
250,5011	0,365
250,6010	0,337
250,7009	0,311
250,8008	0,287
250,9008	0,267
251,0007	0,251
251,1007	0,242
251,2007	0,239
251,3007	0,243
251,4007	0,253
251,5008	0,270
251,6008	0,291
251,7009	0,315
251,8010	0,342
251,9011	0,370
252,0011	0,396
252,1012	0,416
252,2013	0,434
252,3013	0,445
252,4013	0,449
252,5013	0,445
252,6013	0,436
252,7012	0,418
252,8012	0,398
252,9011	0,373
253,0010	0,346
253,1009	0,318
253,2009	0,293
253,3008	0,271
253,4007	0,254
253,5007	0,243
253,6007	0,238
253,7007	0,240
253,8007	0,249
253,9008	0,264
254,0008	0,284
254,1009	0,308
254,2010	0,334
254,3011	0,363
254,4011	0,390
254,5012	0,411
254,6013	0,431
254,7013	0,443
254,8013	0,449
254,9013	0,448
255,0013	0,440
255,1012	0,425
255,2012	0,404
255,3011	0,381
255,4010	0,354
255,5009	0,325
255,6009	0,300
255,7008	0,277
255,8008	0,258
255,9007	0,245
256,0007	0,239
256,1007	0,239
256,2007	0,246
256,3008	0,259
256,4008	0,278
256,5009	0,301
256,6009	0,327
256,7010	0,355
256,8011	0,382
256,9012	0,405
257,0012	0,426
257,1013	0,440
257,2013	0,448
257,3013	0,448
257,4013	0,442
257,5012	0,430
257,6012	0,409
257,7011	0,388
257,8010	0,361
257,9010	0,333
258,0009	0,307
258,1008	0,283
258,2008	0,263
258,3007	0,249
258,4007	0,240
258,5007	0,239
258,6007	0,244
258,7007	0,256
258,8008	0,273
258,9009	0,295
259,0009	0,320
259,1010	0,348
259,2011	0,375
259,3012	0,399
259,4012	0,420
259,5013	0,436
259,6013	0,445
259,7013	0,448
259,8013	0,443
259,9013	0,433
260,0012	0,414
260,1011	0,393
260,2011	0,368
260,3010	0,340
260,4009	0,314
260,5008	0,290
260,6008	0,269
260,7007	0,253
260,8007	0,243
260,9007	0,240
261,0007	0,243
261,1007	0,253
261,2008	0,269
261,3008	0,289
261,4009	0,313
261,5010	0,339
261,6011	0,367
261,7011	0,393
261,8012	0,412
261,9013	0,431
262,0013	0,442
262,1013	0,446
262,2013	0,443
262,3013	0,434
262,4012	0,418
262,5012	0,398
262,6011	0,375
262,7010	0,349
262,8009	0,321
262,9009	0,297
263,0008	0,276
263,1008	0,259
263,2007	0,248
263,3007	0,243
263,4007	0,244
263,5007	0,252
263,6008	0,266
263,7008	0,284
263,8009	0,307
263,9010	0,332
264,0010	0,359
264,1011	0,384
264,2012	0,405
264,3012	0,425
264,4013	0,437
264,5013	0,443
264,6013	0,442
264,7013	0,435
264,8012	0,422
264,9012	0,402
265,0011	0,381
265,1010	0,356
265,2010	0,329
265,3009	0,305
265,4008	0,283
265,5008	0,265
265,6007	0,253
265,7007	0,246
265,8007	0,246
265,9007	0,252
266,0008	0,264
266,1008	0,281
266,2009	0,302
266,3009	0,325
266,4010	0,352
266,5011	0,377
266,6012	0,399
266,7012	0,417
266,8013	0,431
266,9013	0,439
267,0013	0,440
267,1013	0,435
267,2012	0,423
267,3012	0,405
267,4011	0,386
267,5011	0,362
267,6010	0,336
267,7009	0,312
267,8008	0,291
267,9008	0,272
268,0008	0,259
268,1007	0,251
268,2007	0,249
268,3007	0,253
268,4008	0,263
268,5008	0,278
268,6009	0,297
268,7009	0,319
268,8010	0,345
268,9011	0,369
269,0011	0,391
269,1012	0,408
269,2012	0,425
269,3013	0,433
269,4013	0,436
269,5013	0,433
269,6012	0,424
269,7012	0,407
269,8011	0,390
269,9011	0,368
270,0010	0,343
270,1009	0,320
270,2009	0,298
270,3008	0,280
270,4008	0,266
270,5007	0,257
270,6007	0,253
270,7007	0,255
270,8008	0,263
270,9008	0,276
271,0009	0,294
271,1009	0,314
271,2010	0,337
271,3010	0,361
271,4011	0,383
271,5012	0,401
271,6012	0,415
271,7012	0,427
271,8013	0,431
271,9012	0,430
272,0012	0,423
272,1012	0,408
272,2011	0,394
272,3011	0,373
272,4010	0,351
272,5010	0,327
272,6009	0,306
272,7008	0,288
272,8008	0,273
272,9008	0,263
273,0008	0,258
273,1008	0,259
273,2008	0,265
273,3008	0,276
273,4008	0,291
273,5009	0,310
273,6010	0,331
273,7010	0,354
273,8011	0,374
273,9011	0,394
274,0012	0,407
274,1012	0,418
274,2012	0,426
274,3012	0,426
274,4012	0,420
274,5012	0,408
274,6011	0,395
274,7011	0,377
274,8010	0,356
274,9010	0,334
275,0009	0,314
275,1009	0,296
275,2008	0,281
275,3008	0,271
275,4008	0,265
275,5008	0,264
275,6008	0,268
275,7008	0,277
275,8008	0,290
275,9009	0,307
276,0009	0,325
276,1010	0,347
276,2011	0,367
276,3011	0,385
276,4012	0,400
276,5012	0,410
276,6012	0,417
276,7012	0,419
276,8012	0,415
276,9012	0,407
277,0011	0,395
277,1011	0,379
277,2010	0,361
277,3010	0,340
277,4009	0,321
277,5009	0,304
277,6008	0,290
277,7008	0,278
277,8008	0,272
277,9008	0,269
278,0008	0,272
278,1008	0,279
278,2008	0,290
278,3009	0,304
278,4009	0,321
278,5010	0,340
278,6010	0,359
278,7011	0,377
278,8011	0,392
278,9012	0,402
279,0012	0,409
279,1012	0,412
279,2012	0,410
279,3012	0,404
279,4011	0,395
279,5011	0,381
279,6011	0,365
279,7010	0,347
279,8010	0,329
279,9009	0,312
280,0009	0,298
280,1008	0,287
280,2008	0,280
280,3008	0,276
280,4008	0,277
280,5008	0,282
280,6008	0,291
280,7009	0,303
280,8009	0,318
280,9010	0,334
281,0010	0,352
281,1011	0,368
281,2011	0,383
281,3011	0,394
281,4012	0,401
281,5012	0,405
281,6012	0,405
281,7012	0,401
281,8011	0,393
281,9011	0,382
282,0011	0,368
282,1010	0,352
282,2010	0,335
282,3009	0,320
282,4009	0,307
282,5009	0,296
282,6008	0,288
282,7008	0,283
282,8008	0,283
282,9008	0,286
283,0009	0,293
283,1009	0,303
283,2009	0,316
283,3010	0,330
283,4010	0,345
283,5010	0,361
283,6011	0,374
283,7011	0,385
283,8011	0,393
283,9012	0,398
284,0012	0,399
284,1012	0,396
284,2011	0,391
284,3011	0,381
284,4011	0,369
284,5010	0,356
284,6010	0,341
284,7010	0,327
284,8009	0,315
284,9009	0,304
285,0009	0,296
285,1008	0,292
285,2008	0,290
285,3008	0,292
285,4009	0,297
285,5009	0,305
285,6009	0,315
285,7009	0,327
285,8010	0,340
285,9010	0,354
286,0011	0,366
286,1011	0,376
286,2011	0,385
286,3011	0,391
286,4011	0,393
286,5011	0,391
286,6011	0,387
286,7011	0,379
286,8011	0,370
286,9010	0,359
287,0010	0,346
287,1010	0,334
287,2009	0,322
287,3009	0,313
287,4009	0,305
287,5009	0,300
287,6009	0,298
287,7009	0,298
287,8009	0,301
287,9009	0,307
288,0009	0,315
288,1009	0,324
288,2010	0,335
288,3010	0,348
288,4010	0,358
288,5011	0,367
288,6011	0,375
288,7011	0,381
288,8011	0,384
288,9011	0,384
289,0011	0,381
289,1011	0,376
289,2011	0,369
289,3010	0,361
289,4010	0,351
289,5010	0,340
289,6010	0,330
289,7009	0,321
289,8009	0,314
289,9009	0,309
290,0009	0,306
290,1009	0,305
290,2009	0,307
290,3009	0,310
290,4009	0,316
290,5009	0,323
290,6010	0,332
290,7010	0,341
290,8010	0,351
290,9010	0,359
291,0011	0,366
291,1011	0,371
291,2011	0,375
291,3011	0,376
291,4011	0,375
291,5011	0,372
291,6011	0,367
291,7010	0,361
291,8010	0,354
291,9010	0,346
292,0010	0,337
292,1010	0,329
292,2009	0,323
292,3009	0,318
292,4009	0,314
292,5009	0,313
292,6009	0,313
292,7009	0,315
292,8009	0,318
292,9009	0,323
293,0010	0,329
293,1010	0,336
293,2010	0,344
293,3010	0,351
293,4010	0,357
293,5011	0,362
293,6011	0,366
293,7011	0,368
293,8011	0,368
293,9011	0,367
294,0011	0,364
294,1010	0,360
294,2010	0,355
294,3010	0,350
294,4010	0,342
294,5010	0,337
294,6010	0,331
294,7009	0,327
294,8009	0,323
294,9009	0,321
295,0009	0,320
295,1009	0,320
295,2009	0,322
295,3009	0,325
295,4010	0,328
295,5010	0,333
295,6010	0,338
295,7010	0,344
295,8010	0,349
295,9010	0,353
296,0010	0,357
296,1010	0,359
296,2010	0,361
296,3010	0,361
296,4010	0,360
296,5010	0,359
296,6010	0,356
296,7010	0,352
296,8010	0,348
296,9010	0,343
297,0010	0,339
297,1010	0,335
297,2010	0,332
297,3010	0,329
297,4010	0,327
297,5009	0,326
297,6009	0,326
297,7010	0,327
297,8010	0,328
297,9010	0,331
298,0010	0,333
298,1010	0,336
298,2010	0,340
298,3010	0,343
298,4010	0,347
298,5010	0,351
298,6010	0,353
298,7010	0,355
298,8010	0,356
298,9010	0,356
299,0010	0,356
299,1010	0,354
299,2010	0,353
299,3010	0,351
299,4010	0,348
299,5010	0,345
299,6010	0,341
299,7010	0,338
299,8010	0,335
299,9010	0,333
300,0010	0,331
300,1010	0,330
300,2010	0,329
300,3010	0,329
300,4010	0,330
300,5010	0,331
300,6010	0,333
300,7010	0,335
300,8010	0,338
300,9010	0,341
301,0010	0,344
301,1010	0,348
301,2010	0,350
301,3010	0,352
301,4010	0,354
301,5010	0,355
301,6010	0,356
301,7010	0,355
301,8010	0,354
301,9010	0,353
302,0010	0,351
302,1010	0,348
302,2010	0,344
302,3010	0,340
302,4010	0,337
302,5010	0,334
302,6010	0,331
302,7010	0,329
302,8010	0,327
302,9010	0,327
303,0010	0,327
303,1010	0,328
303,2010	0,330
303,3010	0,332
303,4010	0,335
303,5010	0,339
303,6010	0,343
303,7010	0,348
303,8010	0,352
303,9010	0,355
304,0010	0,358
304,1010	0,359
304,2010	0,360
304,3010	0,360
304,4010	0,359
304,5010	0,356
304,6010	0,353
304,7010	0,349
304,8010	0,344
304,9010	0,339
305,0010	0,334
305,1010	0,330
305,2009	0,326
305,3009	0,323
305,4009	0,322
305,5009	0,321
305,6009	0,322
305,7009	0,324
305,8010	0,327
305,9010	0,331
306,0010	0,336
306,1010	0,342
306,2010	0,348
306,3010	0,354
306,4010	0,359
306,5011	0,362
306,6011	0,365
306,7011	0,366
306,8011	0,366
306,9011	0,364
307,0011	0,361
307,1010	0,357
307,2010	0,352
307,3010	0,345
307,4010	0,337
307,5010	0,331
307,6009	0,325
307,7009	0,321
307,8009	0,317
307,9009	0,315
308,0009	0,315
308,1009	0,316
308,2009	0,319
308,3009	0,324
308,4010	0,329
308,5010	0,336
308,6010	0,344
308,7010	0,352
308,8010	0,359
308,9011	0,365
309,0011	0,369
309,1011	0,372
309,2011	0,373
309,3011	0,372
309,4011	0,369
309,5011	0,365
309,6010	0,358
309,7010	0,351
309,8010	0,342
309,9010	0,334
310,0009	0,326
310,1009	0,319
310,2009	0,314
310,3009	0,310
310,4009	0,308
310,5009	0,309
310,6009	0,311
310,7009	0,316
310,8009	0,322
310,9010	0,330
311,0010	0,339
311,1010	0,349
311,2010	0,358
311,3011	0,366
311,4011	0,372
311,5011	0,377
311,6011	0,379
311,7011	0,380
311,8011	0,377
311,9011	0,372
312,0011	0,366
312,1010	0,357
312,2010	0,348
312,3010	0,337
312,4010	0,327
312,5009	0,319
312,6009	0,311
312,7009	0,306
312,8009	0,303
312,9009	0,302
313,0009	0,304
313,1009	0,308
313,2009	0,315
313,3009	0,324
313,4010	0,333
313,5010	0,344
313,6010	0,356
313,7011	0,366
313,8011	0,374
313,9011	0,381
314,0011	0,385
314,1011	0,386
314,2011	0,385
314,3011	0,380
314,4011	0,373
314,5011	0,364
314,6010	0,354
314,7010	0,342
314,8010	0,330
314,9009	0,319
315,0009	0,310
315,1009	0,303
315,2009	0,298
315,3009	0,296
315,4009	0,297
315,5009	0,301
315,6009	0,308
315,7009	0,317
315,8010	0,327
315,9010	0,340
316,0010	0,353
316,1011	0,365
316,2011	0,375
316,3011	0,384
316,4011	0,390
316,5011	0,393
316,6011	0,392
316,7011	0,388
316,8011	0,381
316,9011	0,371
317,0010	0,360
317,1010	0,346
317,2010	0,333
317,3009	0,320
317,4009	0,309
317,5009	0,300
317,6009	0,294
317,7008	0,291
317,8008	0,291
317,9009	0,294
318,0009	0,301
318,1009	0,310
318,2009	0,322
318,3010	0,335
318,4010	0,350
318,5011	0,363
318,6011	0,376
318,7011	0,386
318,8011	0,393
318,9012	0,397
319,0012	0,397
319,1011	0,394
319,2011	0,388
319,3011	0,378
319,4011	0,366
319,5010	0,352
319,6010	0,336
319,7009	0,322
319,8009	0,310
319,9009	0,299
320,0008	0,291
320,1008	0,286
320,2008	0,285
320,3008	0,288
320,4009	0,294
320,5009	0,303
320,6009	0,315
320,7010	0,329
320,8010	0,345
320,9010	0,361
321,0011	0,374
321,1011	0,387
321,2011	0,395
321,3012	0,401
321,4012	0,402
321,5012	0,400
321,6011	0,394
321,7011	0,385
321,8011	0,373
321,9010	0,358
322,0010	0,341
322,1009	0,326
322,2009	0,311
322,3009	0,299
322,4008	0,289
322,5008	0,283
322,6008	0,281
322,7008	0,282
322,8008	0,288
322,9009	0,297
323,0009	0,309
323,1009	0,323
323,2010	0,339
323,3010	0,357
323,4011	0,372
323,5011	0,386
323,6012	0,397
323,7012	0,404
323,8012	0,406
323,9012	0,405
324,0012	0,401
324,1011	0,393
324,2011	0,379
324,3011	0,364
324,4010	0,348
324,5010	0,329
324,6009	0,313
324,7009	0,299
324,8008	0,288
324,9008	0,280
325,0008	0,277
325,1008	0,277
325,2008	0,282
325,3008	0,291
325,4009	0,303
325,5009	0,318
325,6010	0,334
325,7010	0,353
325,8011	0,370
325,9011	0,385
326,0012	0,397
326,1012	0,405
326,2012	0,410
326,3012	0,410
326,4012	0,405
326,5012	0,397
326,6011	0,386
326,7011	0,370
326,8010	0,353
326,9010	0,334
327,0009	0,316
327,1009	0,301
327,2008	0,288
327,3008	0,279
327,4008	0,274
327,5008	0,273
327,6008	0,277
327,7008	0,285
327,8009	0,297
327,9009	0,311
328,0010	0,329
328,1010	0,348
328,2011	0,366
328,3011	0,383
328,4012	0,397
328,5012	0,406
328,6012	0,412
328,7012	0,413
328,8012	0,410
328,9012	0,403
329,0011	0,391
329,1011	0,376
329,2010	0,358
329,3010	0,338
329,4009	0,320
329,5009	0,304
329,6008	0,289
329,7008	0,278
329,8008	0,272
329,9008	0,270
330,0008	0,272
330,1008	0,280
330,2008	0,291
330,3009	0,306
330,4009	0,323
330,5010	0,342
330,6011	0,362
330,7011	0,380
330,8011	0,395
330,9012	0,406
331,0012	0,413
331,1012	0,416
331,2012	0,414
331,3012	0,407
331,4012	0,397
331,5011	0,382
331,6011	0,364
331,7010	0,345
331,8009	0,325
331,9009	0,307
332,0008	0,291
332,1008	0,279
332,2008	0,271
332,3008	0,267
332,4008	0,269
332,5008	0,275
332,6008	0,286
332,7009	0,300
332,8009	0,317
332,9010	0,336
333,0010	0,357
333,1011	0,376
333,2011	0,393
333,3012	0,405
333,4012	0,414
333,5012	0,418
333,6012	0,418
333,7012	0,411
333,8012	0,402
333,9011	0,388
334,0011	0,370
334,1010	0,351
334,2010	0,329
334,3009	0,310
334,4009	0,294
334,5008	0,280
334,6008	0,271
334,7008	0,266
334,8008	0,266
334,9008	0,271
335,0008	0,281
335,1009	0,295
335,2009	0,312
335,3010	0,331
335,4010	0,352
335,5011	0,372
335,6011	0,390
335,7012	0,404
335,8012	0,413
335,9012	0,421
336,0012	0,421
336,1012	0,415
336,2012	0,405
336,3011	0,393
336,4011	0,375
336,5010	0,356
336,6010	0,334
336,7009	0,315
336,8009	0,297
336,9008	0,283
337,0008	0,272
337,1008	0,266
337,2008	0,265
337,3008	0,269
337,4008	0,277
337,5008	0,290
337,6009	0,307
337,7009	0,326
337,8010	0,347
337,9011	0,367
338,0011	0,386
338,1012	0,401
338,2012	0,412
338,3012	0,420
338,4012	0,422
338,5012	0,417
338,6012	0,408
338,7012	0,397
338,8011	0,380
338,9011	0,361
339,0010	0,340
339,1009	0,320
339,2009	0,301
339,3008	0,286
339,4008	0,274
339,5008	0,266
339,6008	0,264
339,7008	0,267
339,8008	0,274
339,9008	0,286
340,0009	0,302
340,1009	0,320
340,2010	0,341
340,3011	0,362
340,4011	0,381
340,5012	0,397
340,6012	0,409
340,7012	0,418
340,8012	0,422
340,9012	0,419
341,0012	0,411
341,1012	0,400
341,2011	0,385
341,3011	0,366
341,4010	0,346
341,5009	0,325
341,6009	0,306
341,7008	0,289
341,8008	0,277
341,9008	0,268
342,0008	0,264
342,1008	0,266
342,2008	0,272
342,3008	0,283
342,4009	0,298
342,5009	0,316
342,6010	0,335
342,7010	0,357
342,8011	0,377
342,9011	0,394
343,0012	0,406
343,1012	0,416
343,2012	0,422
343,3012	0,421
343,4012	0,413
343,5012	0,403
343,6011	0,391
343,7011	0,371
343,8010	0,351
343,9010	0,330
344,0009	0,311
344,1009	0,294
344,2008	0,280
344,3008	0,270
344,4008	0,265
344,5008	0,265
344,6008	0,271
344,7008	0,281
344,8009	0,294
344,9009	0,311
345,0010	0,330
345,1010	0,352
345,2011	0,372
345,3011	0,390
345,4012	0,403
345,5012	0,413
345,6012	0,419
345,7012	0,419
345,8012	0,414
345,9012	0,405
346,0011	0,393
346,1011	0,375
346,2010	0,356
346,3010	0,335
346,4009	0,316
346,5009	0,298
346,6008	0,284
346,7008	0,273
346,8008	0,267
346,9008	0,266
347,0008	0,270
347,1008	0,279
347,2008	0,291
347,3009	0,307
347,4009	0,326
347,5010	0,347
347,6011	0,366
347,7011	0,384
347,8012	0,399
347,9012	0,409
348,0012	0,416
348,1012	0,418
348,2012	0,415
348,3012	0,406
348,4011	0,395
348,5011	0,379
348,6010	0,361
348,7010	0,340
348,8009	0,321
348,9009	0,304
349,0008	0,289
349,1008	0,277
349,2008	0,270
349,3008	0,268
349,4008	0,270
349,5008	0,278
349,6008	0,289
349,7009	0,304
349,8009	0,321
349,9010	0,340
350,0010	0,361
350,1011	0,379
350,2011	0,394
350,3012	0,405
350,4012	0,413
350,5012	0,416
350,6012	0,414
350,7012	0,407
350,8012	0,397
350,9011	0,383
351,0011	0,365
351,1010	0,346
351,2009	0,326
351,3009	0,309
351,4009	0,294
351,5008	0,282
351,6008	0,274
351,7008	0,270
351,8008	0,272
351,9008	0,277
352,0008	0,288
352,1009	0,301
352,2009	0,318
352,3010	0,335
352,4010	0,355
352,5011	0,373
352,6011	0,390
352,7012	0,401
352,8012	0,408
352,9012	0,413
353,0012	0,412
353,1012	0,407
353,2012	0,398
353,3011	0,385
353,4011	0,369
353,5010	0,351
353,6010	0,331
353,7009	0,314
353,8009	0,299
353,9008	0,287
354,0008	0,278
354,1008	0,274
354,2008	0,274
354,3008	0,278
354,4008	0,287
354,5009	0,299
354,6009	0,314
354,7010	0,331
354,8010	0,350
354,9011	0,367
355,0011	0,383
355,1012	0,396
355,2012	0,404
355,3012	0,409
355,4012	0,410
355,5012	0,406
355,6012	0,398
355,7011	0,387
355,8011	0,372
355,9010	0,355
356,0010	0,336
356,1009	0,320
356,2009	0,305
356,3008	0,292
356,4008	0,283
356,5008	0,278
356,6008	0,277
356,7008	0,280
356,8008	0,287
356,9009	0,298
357,0009	0,311
357,1010	0,327
357,2010	0,345
357,3011	0,362
357,4011	0,377
357,5011	0,390
357,6012	0,400
357,7012	0,405
357,8012	0,406
357,9012	0,404
358,0012	0,397
358,1011	0,388
358,2011	0,374
358,3010	0,359
358,4010	0,341
358,5009	0,325
358,6009	0,311
358,7009	0,298
358,8008	0,288
358,9008	0,282
359,0008	0,280
359,1008	0,282
359,2008	0,288
359,3009	0,297
359,4009	0,310
359,5009	0,324
359,6010	0,339
359,7010	0,356
359,8011	0,371
359,9011	0,384
360,0011	0,394
360,1012	0,400
360,2012	0,403
360,3012	0,401
360,4012	0,397
360,5011	0,388
360,6011	0,376
360,7011	0,362
360,8010	0,347
360,9010	0,330
361,0009	0,316
361,1009	0,304
361,2009	0,294
361,3008	0,288
361,4008	0,285
361,5008	0,285
361,6008	0,290
361,7009	0,298
361,8009	0,308
361,9009	0,321
362,0010	0,335
362,1010	0,351
362,2011	0,365
362,3011	0,378
362,4011	0,389
362,5011	0,395
362,6012	0,398
362,7012	0,398
362,8011	0,394
362,9011	0,387
363,0011	0,377
363,1011	0,364
363,2010	0,351
363,3010	0,335
363,4009	0,322
363,5009	0,310
363,6009	0,300
363,7009	0,293
363,8008	0,290
363,9008	0,289
364,0009	0,293
364,1009	0,299
364,2009	0,308
364,3009	0,319
364,4010	0,332
364,5010	0,347
364,6010	0,360
364,7011	0,372
364,8011	0,382
364,9011	0,390
365,0011	0,393
365,1011	0,394
365,2011	0,391
365,3011	0,386
365,4011	0,377
365,5011	0,366
365,6010	0,354
365,7010	0,340
365,8010	0,327
365,9009	0,316
366,0009	0,307
366,1009	0,299
366,2009	0,295
366,3009	0,294
366,4009	0,296
366,5009	0,301
366,6009	0,308
366,7009	0,318
366,8010	0,329
366,9010	0,341
367,0010	0,355
367,1011	0,366
367,2011	0,375
367,3011	0,383
367,4011	0,387
367,5011	0,389
367,6011	0,387
367,7011	0,383
367,8011	0,376
367,9011	0,367
368,0010	0,356
368,1010	0,344
368,2010	0,332
368,3009	0,322
368,4009	0,313
368,5009	0,306
368,6009	0,301
368,7009	0,299
368,8009	0,300
368,9009	0,304
369,0009	0,310
369,1009	0,318
369,2010	0,327
369,3010	0,338
369,4010	0,350
369,5010	0,360
369,6011	0,369
369,7011	0,376
369,8011	0,381
369,9011	0,383
370,0011	0,383
370,1011	0,380
370,2011	0,374
370,3011	0,367
370,4010	0,358
370,5010	0,348
370,6010	0,337
370,7010	0,327
370,8009	0,319
370,9009	0,312
371,0009	0,307
371,1009	0,305
371,2009	0,305
371,3009	0,307
371,4009	0,312
371,5009	0,318
371,6009	0,326
371,7010	0,335
371,8010	0,345
371,9010	0,354
372,0011	0,363
372,1011	0,369
372,2011	0,374
372,3011	0,377
372,4011	0,378
372,5011	0,376
372,6011	0,372
372,7011	0,366
372,8010	0,359
372,9010	0,351
373,0010	0,341
373,1010	0,332
373,2009	0,325
373,3009	0,318
373,4009	0,314
373,5009	0,311
373,6009	0,310
373,7009	0,311
373,8009	0,315
373,9009	0,319
374,0009	0,326
374,1010	0,333
374,2010	0,341
374,3010	0,350
374,4010	0,357
374,5011	0,363
374,6011	0,367
374,7011	0,370
374,8011	0,372
374,9011	0,371
375,0011	0,368
375,1011	0,364
375,2010	0,359
375,3010	0,352
375,4010	0,345
375,5010	0,337
375,6010	0,330
375,7009	0,325
375,8009	0,320
375,9009	0,317
376,0009	0,316
376,1009	0,316
376,2009	0,318
376,3009	0,321
376,4009	0,326
376,5010	0,331
376,6010	0,337
376,7010	0,344
376,8010	0,351
376,9010	0,357
377,0010	0,361
377,1011	0,364
377,2011	0,365
377,3011	0,366
377,4011	0,364
377,5011	0,362
377,6010	0,358
377,7010	0,353
377,8010	0,348
377,9010	0,341
378,0010	0,336
378,1010	0,331
378,2009	0,327
378,3009	0,324
378,4009	0,322
378,5009	0,321
378,6009	0,322
378,7009	0,324
378,8010	0,327
378,9010	0,331
379,0010	0,335
379,1010	0,340
379,2010	0,345
379,3010	0,351
379,4010	0,354
379,5010	0,357
379,6010	0,359
379,7010	0,360
379,8010	0,360
379,9010	0,359
380,0010	0,356
380,1010	0,353
380,2010	0,349
380,3010	0,345
380,4010	0,340
380,5010	0,336
380,6010	0,333
380,7010	0,330
380,8010	0,328
380,9010	0,327
381,0010	0,327
381,1010	0,327
381,2010	0,329
381,3010	0,331
381,4010	0,334
381,5010	0,337
381,6010	0,341
381,7010	0,345
381,8010	0,348
381,9010	0,351
382,0010	0,353
382,1010	0,354
382,2010	0,355
382,3010	0,355
382,4010	0,354
382,5010	0,353
382,6010	0,351
382,7010	0,347
382,8010	0,344
382,9010	0,341
383,0010	0,339
383,1010	0,337
383,2010	0,335
383,3010	0,333
383,4010	0,332
383,5010	0,331
383,6010	0,331
383,7010	0,332
383,8010	0,333
383,9010	0,335
384,0010	0,337
384,1010	0,339
384,2010	0,341
384,3010	0,344
384,4010	0,346
384,5010	0,348
384,6010	0,350
384,7010	0,351
384,8010	0,351
384,9010	0,351
385,0010	0,351
385,1010	0,350
385,2010	0,349
385,3010	0,348
385,4010	0,345
385,5010	0,343
385,6010	0,341
385,7010	0,339
385,8010	0,337
385,9010	0,336
386,0010	0,335
386,1010	0,334
386,2010	0,333
386,3010	0,333
386,4010	0,334
386,5010	0,334
386,6010	0,336
386,7010	0,337
386,8010	0,339
386,9010	0,341
387,0010	0,343
387,1010	0,345
387,2010	0,348
387,3010	0,350
387,4010	0,351
387,5010	0,352
387,6010	0,352
387,7010	0,352
387,8010	0,351
387,9010	0,350
388,0010	0,348
388,1010	0,345
388,2010	0,343
388,3010	0,340
388,4010	0,338
388,5010	0,336
388,6010	0,334
388,7010	0,332
388,8010	0,331
388,9010	0,331
389,0010	0,331
389,1010	0,332
389,2010	0,333
389,3010	0,335
389,4010	0,337
389,5010	0,340
389,6010	0,344
389,7010	0,346
389,8010	0,350
389,9010	0,352
390,0010	0,354
390,1010	0,355
390,2010	0,356
390,3010	0,355
390,4010	0,354
390,5010	0,352
390,6010	0,350
390,7010	0,346
390,8010	0,342
390,9010	0,338
391,0010	0,335
391,1010	0,332
391,2010	0,330
391,3010	0,328
391,4009	0,327
391,5009	0,327
391,6010	0,327
391,7010	0,329
391,8010	0,332
391,9010	0,335
392,0010	0,339
392,1010	0,343
392,2010	0,347
392,3010	0,352
392,4010	0,355
392,5010	0,358
392,6010	0,359
392,7010	0,360
392,8010	0,360
392,9010	0,358
393,0010	0,355
393,1010	0,352
393,2010	0,348
393,3010	0,342
393,4010	0,337
393,5010	0,332
393,6010	0,328
393,7009	0,325
393,8009	0,323
393,9009	0,322
394,0009	0,322
394,1009	0,324
394,2009	0,326
394,3010	0,330
394,4010	0,334
394,5010	0,340
394,6010	0,346
394,7010	0,352
394,8010	0,356
394,9010	0,360
395,0011	0,363
395,1011	0,365
395,2011	0,365
395,3011	0,363
395,4010	0,361
395,5010	0,357
395,6010	0,352
395,7010	0,346
395,8010	0,339
395,9010	0,333
396,0010	0,328
396,1009	0,323
396,2009	0,320
396,3009	0,318
396,4009	0,317
396,5009	0,318
396,6009	0,321
396,7009	0,325
396,8010	0,330
396,9010	0,336
397,0010	0,343
397,1010	0,350
397,2010	0,356
397,3011	0,362
397,4011	0,366
397,5011	0,369
397,6011	0,369
397,7011	0,369
397,8011	0,366
397,9011	0,362
398,0010	0,357
398,1010	0,350
398,2010	0,342
398,3010	0,335
398,4010	0,328
398,5009	0,322
398,6009	0,317
398,7009	0,314
398,8009	0,313
398,9009	0,313
399,0009	0,316
399,1009	0,320
399,2009	0,325
399,3010	0,332
399,4010	0,339
399,5010	0,348
399,6010	0,356
399,7011	0,363
399,8011	0,368
399,9011	0,372
400,0011	0,374
400,1011	0,374
400,2011	0,371
400,3011	0,367
400,4011	0,362
400,5010	0,354
400,6010	0,346
400,7010	0,337
400,8010	0,329
400,9009	0,322
401,0009	0,316
401,1009	0,311
401,2009	0,309
401,3009	0,309
401,4009	0,311
401,5009	0,315
401,6009	0,320
401,7010	0,328
401,8010	0,336
401,9010	0,345
402,0010	0,355
402,1011	0,363
402,2011	0,369
402,3011	0,375
402,4011	0,378
402,5011	0,378
402,6011	0,377
402,7011	0,373
402,8011	0,366
402,9010	0,359
403,0010	0,350
403,1010	0,340
403,2010	0,330
403,3009	0,322
403,4009	0,315
403,5009	0,309
403,6009	0,306
403,7009	0,305
403,8009	0,306
403,9009	0,310
404,0009	0,316
404,1009	0,323
404,2010	0,332
404,3010	0,342
404,4010	0,353
404,5011	0,362
404,6011	0,370
404,7011	0,377
404,8011	0,381
404,9011	0,382
405,0011	0,381
405,1011	0,377
405,2011	0,371
405,3011	0,363
405,4010	0,354
405,5010	0,342
405,6010	0,332
405,7009	0,322
405,8009	0,314
405,9009	0,308
406,0009	0,303
406,1009	0,301
