0.1006	1.195
0.2006	1.195
0.3006	1.194
0.4006	1.195
0.5006	1.194
0.6006	1.195
0.7006	1.195
0.8006	1.195
0.9006	1.195
1.0006	1.195
1.1006	1.195
1.2006	1.195
1.3006	1.195
1.4006	1.195
1.5006	1.195
1.6006	1.200
1.7006	1.218
1.8007	1.245
1.9008	1.282
2.0009	1.323
2.1011	1.370
2.2012	1.413
2.3013	1.457
2.4014	1.491
2.5015	1.520
2.6016	1.539
2.7016	1.547
2.8016	1.537
2.9015	1.516
3.0014	1.485
3.1013	1.450
3.2012	1.406
3.3011	1.362
3.4009	1.317
3.5008	1.277
3.6007	1.243
3.7006	1.218
3.8006	1.203
3.9006	1.199
4.0006	1.207
4.1007	1.225
4.2007	1.253
4.3008	1.288
4.4010	1.329
4.5011	1.374
4.6012	1.416
4.7013	1.457
4.8014	1.489
4.9015	1.519
5.0016	1.536
5.1016	1.540
5.2015	1.529
5.3015	1.508
5.4014	1.477
5.5013	1.443
5.6012	1.401
5.7010	1.357
5.8009	1.316
5.9008	1.279
6.0007	1.248
6.1007	1.226
6.2006	1.213
6.3006	1.210
6.4006	1.218
6.5007	1.236
6.6008	1.262
6.7009	1.296
6.8010	1.334
6.9011	1.377
7.0012	1.416
7.1013	1.454
7.2014	1.483
7.3015	1.507
7.4015	1.521
7.5015	1.523
7.6015	1.513
7.7014	1.492
7.8014	1.466
7.9013	1.432
8.0012	1.396
8.1010	1.356
8.2009	1.318
8.3008	1.285
8.4007	1.257
8.5007	1.237
8.6007	1.226
8.7007	1.224
8.8007	1.233
8.9007	1.250
9.0008	1.275
9.1009	1.305
9.2010	1.340
9.3011	1.378
9.4012	1.412
9.5013	1.446
9.6014	1.471
9.7014	1.490
9.8015	1.502
9.9015	1.503
10.0014	1.493
10.1014	1.476
10.2013	1.453
10.3012	1.422
10.4011	1.390
10.5010	1.354
10.6009	1.322
10.7009	1.294
10.8008	1.270
10.9007	1.254
11.0007	1.245
11.1007	1.244
11.2007	1.252
11.3008	1.267
11.4008	1.288
11.5009	1.315
11.6010	1.345
11.7011	1.377
11.8012	1.407
11.9013	1.435
12.0013	1.456
12.1014	1.471
12.2014	1.479
12.3014	1.479
12.4014	1.472
12.5013	1.458
12.6013	1.438
12.7012	1.412
12.8011	1.386
12.9010	1.358
13.0010	1.330
13.1009	1.307
13.2008	1.288
13.3008	1.275
13.4008	1.268
13.5008	1.268
13.6008	1.274
13.7008	1.287
13.8009	1.304
13.9009	1.325
14.0010	1.349
14.1011	1.375
14.2012	1.398
14.3012	1.418
14.4013	1.437
14.5013	1.448
14.6013	1.454
14.7013	1.455
14.8013	1.449
14.9013	1.438
15.0012	1.421
15.1012	1.403
15.2011	1.383
15.3010	1.360
15.4010	1.340
15.5009	1.323
15.6009	1.309
15.7009	1.299
15.8009	1.294
15.9009	1.294
16.0009	1.298
16.1009	1.307
16.2009	1.319
16.3010	1.334
16.4010	1.351
16.5011	1.370
16.6011	1.386
16.7012	1.401
16.8012	1.412
16.9012	1.420
17.0012	1.425
17.1012	1.426
17.2012	1.422
17.3012	1.415
17.4012	1.406
17.5011	1.395
17.6011	1.381
17.7011	1.368
17.8010	1.353
17.9010	1.342
18.0010	1.332
18.1009	1.326
18.2009	1.322
18.3009	1.321
18.4009	1.322
18.5010	1.327
18.6010	1.334
18.7010	1.342
18.8010	1.351
18.9011	1.362
19.0011	1.371
19.1011	1.380
19.2011	1.387
19.3011	1.393
19.4012	1.396
19.5012	1.398
19.6012	1.398
19.7011	1.395
19.8011	1.392
19.9011	1.387
20.0011	1.382
20.1011	1.376
20.2011	1.370
20.3011	1.365
20.4010	1.360
20.5010	1.355
20.6010	1.351
20.7010	1.349
20.8010	1.347
20.9010	1.347
21.0010	1.347
21.1010	1.348
21.2010	1.349
21.3010	1.351
21.4010	1.354
21.5010	1.357
21.6010	1.359
21.7011	1.363
21.8011	1.366
21.9011	1.369
22.0011	1.373
22.1011	1.376
22.2011	1.379
22.3011	1.382
22.4011	1.385
22.5011	1.387
22.6011	1.388
22.7011	1.388
22.8011	1.387
22.9011	1.385
23.0011	1.382
23.1011	1.378
23.2011	1.373
23.3011	1.367
23.4010	1.360
23.5010	1.352
23.6010	1.345
23.7010	1.340
23.8010	1.335
23.9010	1.332
24.0010	1.331
24.1010	1.333
24.2010	1.336
24.3010	1.341
24.4010	1.348
24.5010	1.358
24.6011	1.369
24.7011	1.379
24.8011	1.390
24.9012	1.399
25.0012	1.406
25.1012	1.411
25.2012	1.414
25.3012	1.413
25.4012	1.410
25.5012	1.404
25.6011	1.394
25.7011	1.382
25.8011	1.369
25.9010	1.354
26.0010	1.339
26.1010	1.327
26.2009	1.317
26.3009	1.309
26.4009	1.305
26.5009	1.305
26.6009	1.309
26.7009	1.317
26.8010	1.329
26.9010	1.343
27.0010	1.361
27.1011	1.379
27.2012	1.397
27.3012	1.412
27.4012	1.425
27.5013	1.437
27.6013	1.442
27.7013	1.442
27.8013	1.438
27.9012	1.427
28.0012	1.412
28.1012	1.396
28.2011	1.375
28.3010	1.353
28.4010	1.332
28.5009	1.313
28.6009	1.298
28.7008	1.287
28.8008	1.281
28.9008	1.280
29.0008	1.286
29.1009	1.296
29.2009	1.312
29.3010	1.332
29.4010	1.355
29.5011	1.381
29.6012	1.404
29.7012	1.426
29.8013	1.446
29.9013	1.459
30.0014	1.466
30.1014	1.466
30.2013	1.460
30.3013	1.448
30.4012	1.428
30.5012	1.405
30.6011	1.379
30.7010	1.351
30.8009	1.324
30.9009	1.300
30.0008	1.280
31.1008	1.266
31.2008	1.258
31.3007	1.257
31.4008	1.264
31.5008	1.278
31.6009	1.299
31.7009	1.324
31.8010	1.352
31.9011	1.384
32.0012	1.412
32.1013	1.441
32.2013	1.463
32.3014	1.478
32.4014	1.486
32.5014	1.487
32.6014	1.479
32.7013	1.463
32.8013	1.441
32.9012	1.411
33.0011	1.381
33.1010	1.347
33.2009	1.315
33.3008	1.287
33.4008	1.264
33.5007	1.248
33.6007	1.239
33.7007	1.239
33.8007	1.248
33.9008	1.265
34.0008	1.289
34.1009	1.318
34.2010	1.351
34.3011	1.388
34.4012	1.421
34.5013	1.454
34.6014	1.478
34.7014	1.496
34.8015	1.506
34.9015	1.505
35.0014	1.493
35.1014	1.475
35.2013	1.449
35.3012	1.415
35.4011	1.380
35.5010	1.342
35.6009	1.307
35.7008	1.276
35.8007	1.251
35.9007	1.233
36.0007	1.224
36.1007	1.225
36.2007	1.236
36.3007	1.255
36.4008	1.283
36.5009	1.316
36.6010	1.353
36.7011	1.393
36.8012	1.429
36.9013	1.464
37.0014	1.490
37.1015	1.510
37.2015	1.521
37.3015	1.519
37.4015	1.505
37.5014	1.482
37.6013	1.453
37.7012	1.416
37.8011	1.378
37.9010	1.337
38.0009	1.300
38.1008	1.267
38.2007	1.240
38.3006	1.223
38.4006	1.215
38.5006	1.217
38.6007	1.229
38.7007	1.251
38.8008	1.281
38.9009	1.316
39.0010	1.356
39.1012	1.398
39.2013	1.438
39.3014	1.471
39.4015	1.500
39.5015	1.521
39.6015	1.529
39.7015	1.526
39.8015	1.510
39.9014	1.484
40.0013	1.454
40.1012	1.415
40.2011	1.375
40.3010	1.332
40.4009	1.294
40.5008	1.261
40.6007	1.234
40.7006	1.217
40.8006	1.209
40.9006	1.213
41.0007	1.227
41.1007	1.250
41.2008	1.282
41.3009	1.319
41.4010	1.361
41.5012	1.402
41.6013	1.443
41.7014	1.476
41.8015	1.504
41.9015	1.524
42.0015	1.531
42.1015	1.527
42.2015	1.509
42.3014	1.482
42.4013	1.451
42.5012	1.411
42.6011	1.371
42.7010	1.328
42.8008	1.291
42.9007	1.258
43.0007	1.232
43.1006	1.216
43.2006	1.210
43.3006	1.215
43.4007	1.230
43.5007	1.254
43.6008	1.286
43.7009	1.323
43.8011	1.365
43.9012	1.406
44.0013	1.445
44.1014	1.477
44.2015	1.504
44.3015	1.522
44.4015	1.528
44.5015	1.522
44.6015	1.504
44.7014	1.477
44.8013	1.445
44.9012	1.406
45.0011	1.367
45.1009	1.326
45.2008	1.289
45.3008	1.258
45.4007	1.235
45.5006	1.220
45.6006	1.216
45.7006	1.221
45.8007	1.237
45.9008	1.261
46.0009	1.293
46.1010	1.329
46.2011	1.369
46.3012	1.407
46.4013	1.445
46.5014	1.474
46.6015	1.499
46.7015	1.513
46.8015	1.518
46.9015	1.510
47.0014	1.493
47.1014	1.468
47.2013	1.438
47.3012	1.401
47.4011	1.362
47.5009	1.325
47.6008	1.291
47.7008	1.263
47.8007	1.242
47.9007	1.230
48.0007	1.227
48.1007	1.233
48.2007	1.248
48.3008	1.272
48.4009	1.301
48.5010	1.335
48.6011	1.372
48.7012	1.407
48.8013	1.441
48.9014	1.467
49.0014	1.487
49.1015	1.501
49.2015	1.503
49.3014	1.495
49.4014	1.479
49.5013	1.457
49.6012	1.427
49.7011	1.395
49.8010	1.359
49.9009	1.326
50.0009	1.297
50.1008	1.272
50.2007	1.254
50.3007	1.244
50.4007	1.241
50.5007	1.248
50.6008	1.263
50.7008	1.284
50.8009	1.310
50.9010	1.340
51.0011	1.374
51.1012	1.405
51.2013	1.434
51.3013	1.457
51.4014	1.473
51.5014	1.482
51.6014	1.483
51.7014	1.477
51.8013	1.464
51.9013	1.444
52.0012	1.416
52.1011	1.389
52.2010	1.358
52.3010	1.330
52.4009	1.305
52.5008	1.284
52.6008	1.270
52.7008	1.262
52.8008	1.261
52.9008	1.267
53.0008	1.280
53.1009	1.298
53.2009	1.320
53.3010	1.346
53.4011	1.374
53.5012	1.399
53.6012	1.422
53.7013	1.442
53.8013	1.455
53.9013	1.462
54.0013	1.463
54.1013	1.457
54.2013	1.446
54.3012	1.427
54.4012	1.407
54.5011	1.384
54.6010	1.359
54.7010	1.337
54.8009	1.317
54.9009	1.301
55.0008	1.289
55.1008	1.283
55.2008	1.283
55.3008	1.288
55.4009	1.298
55.5009	1.313
55.6010	1.330
55.7010	1.350
55.8011	1.372
55.9011	1.391
56.0012	1.407
56.1012	1.422
56.2013	1.433
56.3013	1.439
56.4013	1.439
56.5013	1.435
56.6012	1.424
56.7012	1.412
56.8012	1.398
56.9011	1.381
57.0011	1.363
57.1010	1.346
57.2010	1.332
57.3009	1.320
57.4009	1.312
57.5009	1.308
57.6009	1.307
57.7009	1.310
57.8009	1.317
57.9010	1.327
58.0010	1.339
58.1010	1.352
58.2011	1.367
58.3011	1.380
58.4011	1.392
58.5012	1.401
58.6012	1.407
58.7012	1.411
58.8012	1.412
58.9012	1.410
59.0012	1.405
59.1012	1.398
59.2011	1.389
59.3011	1.379
59.4011	1.369
59.5010	1.358
59.6010	1.349
59.7010	1.342
59.8010	1.337
59.9010	1.334
60.0010	1.333
60.1010	1.334
60.2010	1.336
60.3010	1.341
60.4010	1.346
60.5010	1.353
60.6010	1.360
60.7011	1.367
60.8011	1.373
60.9011	1.378
61.0011	1.382
61.1011	1.385
61.2011	1.387
61.3011	1.387
61.4011	1.386
61.5011	1.385
61.6011	1.383
61.7011	1.380
61.8011	1.377
61.9011	1.374
62.0011	1.370
62.1011	1.368
62.2011	1.365
62.3011	1.362
62.4010	1.359
62.5010	1.357
62.6010	1.355
62.7010	1.353
62.8010	1.352
62.9010	1.351
63.0010	1.351
63.1010	1.351
63.2010	1.351
63.3010	1.352
63.4010	1.354
63.5010	1.356
63.6010	1.359
63.7011	1.364
63.8011	1.369
63.9011	1.373
64.0011	1.378
64.1011	1.382
64.2011	1.386
64.3011	1.389
64.4011	1.391
64.5011	1.392
64.6011	1.391
64.7011	1.389
64.8011	1.385
64.9011	1.380
65.0011	1.373
65.1011	1.365
65.2010	1.356
65.3010	1.348
65.4010	1.341
65.5010	1.335
65.6010	1.330
65.7010	1.328
65.8010	1.328
65.9010	1.330
66.0010	1.335
66.1010	1.343
66.2010	1.352
66.3011	1.363
66.4011	1.375
66.5011	1.387
66.6012	1.397
66.7012	1.406
66.8012	1.412
66.9012	1.416
67.0012	1.416
67.1012	1.413
67.2012	1.407
67.3012	1.399
67.4011	1.387
67.5011	1.373
67.6010	1.358
67.7010	1.342
67.8010	1.329
67.9009	1.318
68.0009	1.309
68.1009	1.304
68.2009	1.303
68.3009	1.307
68.4009	1.314
68.5009	1.325
68.6010	1.339
68.7010	1.356
68.8011	1.375
68.9011	1.393
69.0012	1.408
69.1012	1.423
69.2013	1.434
69.3013	1.441
69.4013	1.443
69.5013	1.439
69.6012	1.428
69.7012	1.415
69.8012	1.399
69.9011	1.379
70.0010	1.357
70.1010	1.336
70.2009	1.317
70.3009	1.301
70.4008	1.289
70.5008	1.282
70.6008	1.281
70.7008	1.285
70.8009	1.295
70.9009	1.310
71.0010	1.329
71.1010	1.351
71.2011	1.377
71.3012	1.400
71.4012	1.421
71.5013	1.441
71.6013	1.455
71.7013	1.462
71.8013	1.464
71.9013	1.458
72.0013	1.447
72.1012	1.428
72.2012	1.406
72.3011	1.382
72.4010	1.354
72.5010	1.328
72.6009	1.305
72.7008	1.285
72.8008	1.271
72.9008	1.263
73.0008	1.262
73.1008	1.267
73.2008	1.280
73.3009	1.299
73.4009	1.322
73.5010	1.350
73.6011	1.380
73.7012	1.407
73.8013	1.434
73.9013	1.456
74.0014	1.472
74.1014	1.480
74.2014	1.481
74.3014	1.474
74.4013	1.460
74.5013	1.440
74.6012	1.411
74.7011	1.383
74.8010	1.350
74.9009	1.320
75.0009	1.294
75.1008	1.271
75.2007	1.255
75.3007	1.246
75.4007	1.246
75.5007	1.254
75.6008	1.269
75.7008	1.291
75.8009	1.319
75.9010	1.350
76.0011	1.384
76.1012	1.415
76.2013	1.446
76.3014	1.469
76.4014	1.486
76.5014	1.495
76.6014	1.496
76.7014	1.486
76.8014	1.469
76.9013	1.446
77.0012	1.414
77.1011	1.382
77.2010	1.346
77.3009	1.313
77.4008	1.284
77.5008	1.260
77.6007	1.243
77.7007	1.234
77.8007	1.235
77.9007	1.244
78.0008	1.262
78.1008	1.287
78.2009	1.317
78.3010	1.351
78.4011	1.389
78.5012	1.423
78.6013	1.455
78.7014	1.479
78.8014	1.497
78.9015	1.507
79.0015	1.506
79.1014	1.493
79.2014	1.474
79.3013	1.448
79.4012	1.414
79.5011	1.379
79.6010	1.341
79.7009	1.307
79.8008	1.276
79.9007	1.251
80.0007	1.234
80.1007	1.227
80.2007	1.228
80.3007	1.239
80.4008	1.259
80.5008	1.286
80.6009	1.319
80.7010	1.355
80.8011	1.394
80.9012	1.429
81.0013	1.461
81.1014	1.486
81.2015	1.505
81.3015	1.513
81.4015	1.510
81.5014	1.497
81.6014	1.475
81.7013	1.448
81.8012	1.412
81.9011	1.376
82.0010	1.336
82.1009	1.302
82.2008	1.271
82.3007	1.246
82.4007	1.230
82.5006	1.223
82.6007	1.226
82.7007	1.239
82.8008	1.260
82.9008	1.288
83.0009	1.322
83.1010	1.359
83.2012	1.398
83.3013	1.434
83.4014	1.465
83.5014	1.489
83.6015	1.507
83.7015	1.513
83.8015	1.509
83.9014	1.494
84.0014	1.472
84.1013	1.444
84.2012	1.407
84.3011	1.371
84.4010	1.333
84.5009	1.298
84.6008	1.269
84.7007	1.246
84.8007	1.231
84.9007	1.225
85.0007	1.230
85.1007	1.243
85.2008	1.265
85.3009	1.293
85.4009	1.327
85.5011	1.364
85.6012	1.401
85.7013	1.437
85.8014	1.465
85.9014	1.487
86.0015	1.504
86.1015	1.509
86.2015	1.504
86.3014	1.488
86.4014	1.466
86.5013	1.438
86.6012	1.403
86.7011	1.367
86.8010	1.330
86.9009	1.298
87.0008	1.270
87.1007	1.249
87.2007	1.236
87.3007	1.232
87.4007	1.237
87.5007	1.251
87.6008	1.273
87.7009	1.300
87.8010	1.332
87.9011	1.369
88.0012	1.403
88.1013	1.436
88.2013	1.462
88.3014	1.482
88.4014	1.495
88.5015	1.499
88.6014	1.492
88.7014	1.478
88.8013	1.457
88.9012	1.428
89.0012	1.397
89.1011	1.363
89.2010	1.329
89.3009	1.300
89.4008	1.275
89.5007	1.257
89.6007	1.246
89.7007	1.243
89.8007	1.249
89.9008	1.262
90.0008	1.283
90.1009	1.309
90.2010	1.338
90.3011	1.372
90.4012	1.403
90.5013	1.431
90.6013	1.455
90.7014	1.472
90.8014	1.482
90.9014	1.484
91.0014	1.478
91.1014	1.465
91.2013	1.445
91.3012	1.418
91.4011	1.391
91.5010	1.360
91.6010	1.331
91.7009	1.305
91.8008	1.284
91.9008	1.268
92.0008	1.259
92.1007	1.258
92.2008	1.264
92.3008	1.277
92.4009	1.295
92.5009	1.318
92.6010	1.344
92.7011	1.373
92.8012	1.400
92.9012	1.423
93.0013	1.445
93.1013	1.459
93.2014	1.466
93.3014	1.467
93.4013	1.462
93.5013	1.450
93.6013	1.431
93.7012	1.409
93.8011	1.385
93.9010	1.359
94.0010	1.335
94.1009	1.314
94.2009	1.296
94.3008	1.284
94.4008	1.277
94.5008	1.276
94.6008	1.282
94.7009	1.293
94.8009	1.308
94.9010	1.328
95.0010	1.349
95.1011	1.373
95.2011	1.395
95.3012	1.413
95.4012	1.429
95.5013	1.442
95.6013	1.448
95.7013	1.448
95.8013	1.443
95.9013	1.431
96.0012	1.417
96.1012	1.400
96.2011	1.381
96.3010	1.360
96.4010	1.341
96.5009	1.325
96.6009	1.312
96.7009	1.302
96.8009	1.297
96.9009	1.297
97.0009	1.302
97.1009	1.310
97.2009	1.322
97.3010	1.337
97.4010	1.353
97.5011	1.371
97.6011	1.387
97.7012	1.401
97.8012	1.411
97.9012	1.420
98.0012	1.424
98.1012	1.424
98.2012	1.420
98.3012	1.413
98.4012	1.404
98.5011	1.391
98.6011	1.378
98.7011	1.363
98.8010	1.350
98.9010	1.339
99.0010	1.330
99.1009	1.323
99.2009	1.320
99.3009	1.320
99.4009	1.322
99.5010	1.328
99.6010	1.335
99.7010	1.345
99.8010	1.355
99.9011	1.367
101.0011	1.377
101.1011	1.386
101.2011	1.393
101.3012	1.398
101.4012	1.400
101.5012	1.401
101.6012	1.399
101.7011	1.396
101.8011	1.390
101.9011	1.384
101.0011	1.377
101.1011	1.370
101.2011	1.362
101.3010	1.355
101.4010	1.350
101.5010	1.346
101.6010	1.344
101.7010	1.343
101.8010	1.344
101.9010	1.345
102.0010	1.348
102.1010	1.351
102.2010	1.355
102.3010	1.360
102.4011	1.365
102.5011	1.368
102.6011	1.371
102.7011	1.374
102.8011	1.376
102.9011	1.377
103.0011	1.378
103.1011	1.378
103.2011	1.378
103.3011	1.378
103.4011	1.378
103.5011	1.377
103.6011	1.376
103.7011	1.375
103.8011	1.374
103.9011	1.372
104.0011	1.370
104.1011	1.368
104.2011	1.366
104.3011	1.363
104.4010	1.360
104.5010	1.356
104.6010	1.353
104.7010	1.351
104.8010	1.349
104.9010	1.348
105.0010	1.347
105.1010	1.348
105.2010	1.350
105.3010	1.353
105.4010	1.357
105.5011	1.362
105.6011	1.368
105.7011	1.374
105.8011	1.380
105.9011	1.386
106.0011	1.391
106.1011	1.394
106.2012	1.396
106.3012	1.396
106.4011	1.394
106.5011	1.390
106.6011	1.385
106.7011	1.378
106.8011	1.369
106.9010	1.360
107.0010	1.350
107.1010	1.341
107.2010	1.334
107.3010	1.329
107.4009	1.325
107.5009	1.325
107.6009	1.327
107.7010	1.332
107.8010	1.339
107.9010	1.348
108.0010	1.359
108.1011	1.373
108.2011	1.385
108.3012	1.396
108.4012	1.406
108.5012	1.412
108.6012	1.417
108.7012	1.418
108.8012	1.416
108.9012	1.410
109.0012	1.401
109.1011	1.390
109.2011	1.376
109.3010	1.360
109.4010	1.344
109.5010	1.331
109.6009	1.319
109.7009	1.310
109.8009	1.305
109.9009	1.303
111.0009	1.306
111.1009	1.313
111.2009	1.324
111.3010	1.338
111.4010	1.354
111.5011	1.373
111.6011	1.391
111.7012	1.407
111.8012	1.421
111.9013	1.433
111.0013	1.440
111.1013	1.441
111.2013	1.438
111.3012	1.428
111.4012	1.414
111.5012	1.399
111.6011	1.380
111.7010	1.359
111.8010	1.338
111.9009	1.319
112.0009	1.304
112.1008	1.292
112.2008	1.285
112.3008	1.284
112.4008	1.288
112.5009	1.297
112.6009	1.311
112.7010	1.330
112.8010	1.351
112.9011	1.375
113.0012	1.398
113.1012	1.418
113.2013	1.438
113.3013	1.451
113.4013	1.458
113.5013	1.459
113.6013	1.454
113.7013	1.444
113.8012	1.426
113.9012	1.405
114.0011	1.382
114.1010	1.355
114.2010	1.330
114.3009	1.308
114.4008	1.290
114.5008	1.276
114.6008	1.268
114.7008	1.267
114.8008	1.273
114.9008	1.285
115.0009	1.302
115.1009	1.325
115.2010	1.350
115.3011	1.379
115.4012	1.405
115.5012	1.429
115.6013	1.451
115.7014	1.465
115.8014	1.473
115.9014	1.474
116.0014	1.467
116.1013	1.454
116.2013	1.435
116.3012	1.408
116.4011	1.382
116.5010	1.351
116.6009	1.323
116.7009	1.298
116.8008	1.277
116.9008	1.262
117.0007	1.255
117.1007	1.254
117.2008	1.262
117.3008	1.276
117.4009	1.297
117.5009	1.322
117.6010	1.351
117.7011	1.383
117.8012	1.412
117.9013	1.441
118.0013	1.462
118.1014	1.477
118.2014	1.485
118.3014	1.485
118.4014	1.477
118.5013	1.461
118.6013	1.439
118.7012	1.410
118.8011	1.380
118.9010	1.346
119.0009	1.316
119.1008	1.290
119.2008	1.268
119.3007	1.252
119.4007	1.245
119.5007	1.246
119.6007	1.254
119.7008	1.271
119.8009	1.294
119.9009	1.322
121.0010	1.354
121.1011	1.388
121.2012	1.419
121.3013	1.449
121.4014	1.471
121.5014	1.486
121.6014	1.493
121.7014	1.492
121.8014	1.482
121.9013	1.464
121.0013	1.440
121.1012	1.408
121.2011	1.377
121.3010	1.342
121.4009	1.310
121.5008	1.283
121.6008	1.261
121.7007	1.246
121.8007	1.239
121.9007	1.241
122.0007	1.251
122.1008	1.270
122.2009	1.295
122.3009	1.325
122.4010	1.358
122.5011	1.393
122.6012	1.424
122.7013	1.454
122.8014	1.476
122.9014	1.490
123.0014	1.497
123.1014	1.494
123.2014	1.482
123.3013	1.464
123.4013	1.438
123.5012	1.406
123.6011	1.373
123.7010	1.337
123.8009	1.306
123.9008	1.279
124.0007	1.257
124.1007	1.243
124.2007	1.238
124.3007	1.241
124.4007	1.253
124.5008	1.272
124.6009	1.298
124.7010	1.329
124.8011	1.363
124.9012	1.397
125.0012	1.428
125.1013	1.457
125.2014	1.477
125.3014	1.491
125.4014	1.496
125.5014	1.492
125.6014	1.479
125.7013	1.460
125.8013	1.433
125.9012	1.401
126.0011	1.368
126.1010	1.334
126.2009	1.303
126.3008	1.277
126.4007	1.257
126.5007	1.245
126.6007	1.241
126.7007	1.245
126.8008	1.258
126.9008	1.278
127.0009	1.304
127.1010	1.334
127.2011	1.368
127.3012	1.400
127.4012	1.430
127.5013	1.456
127.6014	1.475
127.7014	1.487
127.8014	1.491
127.9014	1.485
128.0014	1.472
128.1013	1.453
128.2012	1.425
128.3012	1.396
128.4011	1.364
128.5010	1.332
128.6009	1.303
128.7008	1.280
128.8008	1.262
128.9007	1.251
129.0007	1.248
129.1007	1.254
129.2008	1.266
129.3008	1.286
129.4009	1.311
129.5010	1.339
129.6011	1.371
129.7012	1.401
129.8012	1.429
129.9013	1.453
131.0014	1.469
131.1014	1.479
131.2014	1.481
131.3014	1.475
131.4013	1.463
131.5013	1.444
131.6012	1.417
131.7011	1.390
131.8010	1.360
131.9010	1.331
131.0009	1.306
131.1008	1.285
131.2008	1.270
131.3008	1.261
131.4008	1.259
131.5008	1.265
131.6008	1.278
131.7009	1.296
131.8009	1.319
131.9010	1.345
132.0011	1.374
132.1012	1.400
132.2012	1.424
132.3013	1.446
132.4013	1.460
132.5014	1.467
132.6014	1.468
132.7013	1.462
132.8013	1.450
132.9013	1.431
133.0012	1.408
133.1011	1.385
133.2010	1.358
133.3010	1.333
133.4009	1.311
133.5009	1.294
133.6008	1.281
133.7008	1.274
133.8008	1.274
133.9008	1.280
134.0008	1.291
134.1009	1.307
134.2010	1.327
134.3010	1.350
134.4011	1.375
134.5012	1.398
134.6012	1.417
134.7013	1.435
134.8013	1.446
134.9013	1.452
135.0013	1.452
135.1013	1.447
135.2013	1.436
135.3012	1.418
135.4012	1.401
135.5011	1.380
135.6010	1.358
135.7010	1.337
135.8009	1.320
135.9009	1.306
136.0009	1.296
136.1008	1.291
136.2008	1.291
136.3009	1.296
136.4009	1.306
136.5009	1.320
136.6010	1.336
136.7010	1.354
136.8011	1.374
136.9011	1.392
137.0012	1.407
137.1012	1.420
137.2012	1.429
137.3013	1.434
137.4013	1.434
137.5012	1.427
137.6012	1.418
137.7012	1.406
137.8011	1.392
137.9011	1.377
138.0010	1.359
138.1010	1.344
138.2010	1.331
138.3009	1.321
138.4009	1.313
138.5009	1.310
138.6009	1.310
138.7009	1.314
138.8009	1.322
138.9010	1.332
139.0010	1.344
139.1010	1.358
139.2011	1.372
139.3011	1.384
139.4011	1.395
139.5012	1.404
139.6012	1.409
139.7012	1.411
139.8012	1.411
139.9012	1.408
141.0012	1.403
141.1011	1.395
141.2011	1.385
141.3011	1.375
141.4011	1.363
141.5010	1.353
141.6010	1.344
141.7010	1.337
141.8010	1.333
141.9010	1.331
141.0010	1.331
141.1010	1.333
141.2010	1.337
141.3010	1.343
141.4010	1.350
141.5010	1.359
141.6011	1.367
141.7011	1.374
141.8011	1.380
141.9011	1.385
142.0011	1.389
142.1011	1.391
142.2011	1.391
142.3011	1.390
142.4011	1.387
142.5011	1.383
142.6011	1.379
142.7011	1.374
142.8011	1.370
142.9011	1.365
143.0010	1.360
143.1010	1.357
143.2010	1.354
143.3010	1.353
143.4010	1.352
143.5010	1.352
143.6010	1.353
143.7010	1.354
143.8010	1.356
143.9010	1.358
144.0010	1.360
144.1011	1.362
144.2011	1.364
144.3011	1.366
144.4011	1.367
144.5011	1.368
144.6011	1.370
144.7011	1.371
144.8011	1.372
144.9011	1.373
145.0011	1.375
145.1011	1.376
145.2011	1.377
145.3011	1.378
145.4011	1.378
145.5011	1.378
145.6011	1.378
145.7011	1.376
145.8011	1.374
145.9011	1.372
146.0011	1.368
146.1011	1.364
146.2010	1.359
146.3010	1.355
146.4010	1.351
146.5010	1.348
146.6010	1.345
146.7010	1.344
146.8010	1.344
146.9010	1.345
147.0010	1.348
147.1010	1.352
147.2010	1.358
147.3011	1.365
147.4011	1.373
147.5011	1.379
147.6011	1.386
147.7011	1.392
147.8012	1.396
147.9012	1.399
148.0012	1.399
148.1012	1.397
148.2011	1.393
148.3011	1.388
148.4011	1.380
148.5011	1.371
148.6011	1.362
148.7010	1.350
148.8010	1.341
148.9010	1.334
149.0010	1.328
149.1009	1.324
149.2009	1.323
149.3009	1.325
149.4010	1.330
149.5010	1.338
149.6010	1.347
149.7010	1.359
149.8011	1.372
149.9011	1.385
151.0012	1.396
151.1012	1.406
151.2012	1.412
151.3012	1.417
151.4012	1.418
151.5012	1.416
151.6012	1.410
151.7012	1.401
151.8011	1.390
151.9011	1.376
151.0010	1.360
151.1010	1.345
151.2010	1.331
151.3009	1.320
151.4009	1.311
151.5009	1.306
151.6009	1.305
151.7009	1.308
151.8009	1.315
151.9009	1.325
152.0010	1.339
152.1010	1.355
152.2011	1.374
152.3011	1.391
152.4012	1.406
152.5012	1.420
152.6012	1.430
152.7013	1.437
152.8013	1.438
152.9013	1.435
153.0012	1.424
153.1012	1.411
153.2012	1.397
153.3011	1.378
153.4010	1.357
153.5010	1.338
153.6009	1.320
153.7009	1.306
153.8009	1.295
153.9008	1.289
154.0008	1.288
154.1008	1.292
154.2009	1.302
154.3009	1.316
154.4010	1.333
154.5010	1.354
154.6011	1.377
154.7012	1.398
154.8012	1.417
154.9013	1.435
155.0013	1.447
155.1013	1.453
155.2013	1.454
155.3013	1.449
155.4013	1.438
155.5012	1.420
155.6012	1.401
155.7011	1.379
155.8010	1.353
155.9010	1.331
156.0009	1.310
156.1009	1.293
156.2008	1.281
156.3008	1.275
156.4008	1.274
156.5008	1.280
156.6008	1.292
156.7009	1.309
156.8010	1.330
156.9010	1.354
157.0011	1.381
157.1012	1.405
157.2012	1.427
157.3013	1.447
157.4013	1.459
157.5014	1.466
157.6014	1.466
157.7013	1.459
157.8013	1.446
157.9012	1.425
158.0012	1.403
158.1011	1.377
158.2010	1.349
158.3009	1.324
158.4009	1.301
158.5008	1.283
158.6008	1.270
158.7008	1.263
158.8008	1.264
158.9008	1.272
159.0008	1.286
159.1009	1.305
159.2010	1.329
159.3010	1.356
159.4011	1.386
159.5012	1.411
159.6013	1.438
159.7013	1.456
159.8014	1.469
159.9014	1.475
161.0014	1.474
161.1014	1.466
161.2013	1.450
161.3012	1.428
161.4012	1.402
161.5011	1.374
161.6010	1.344
161.7009	1.317
161.8009	1.293
161.9008	1.275
161.0008	1.262
161.1007	1.256
161.2007	1.258
161.3008	1.267
161.4008	1.283
161.5009	1.305
161.6010	1.331
161.7010	1.360
161.8011	1.391
161.9012	1.418
162.0013	1.444
162.1013	1.463
162.2014	1.476
162.3014	1.481
162.4014	1.478
162.5014	1.468
162.6013	1.452
162.7012	1.427
162.8012	1.400
162.9011	1.371
163.0010	1.340
163.1009	1.312
163.2008	1.288
163.3008	1.269
163.4007	1.257
163.5007	1.252
163.6007	1.255
163.7008	1.266
163.8008	1.283
163.9009	1.307
164.0010	1.334
164.1011	1.365
164.2011	1.395
164.3012	1.423
164.4013	1.449
164.5014	1.467
164.6014	1.478
164.7014	1.482
164.8014	1.479
164.9014	1.467
165.0013	1.450
165.1012	1.424
165.2012	1.397
165.3011	1.367
165.4010	1.335
165.5009	1.308
165.6008	1.285
165.7008	1.267
165.8007	1.256
165.9007	1.252
166.0007	1.257
166.1008	1.268
166.2008	1.287
166.3009	1.310
166.4010	1.338
166.5011	1.369
166.6012	1.399
166.7012	1.426
166.8013	1.450
166.9014	1.467
167.0014	1.477
167.1014	1.480
167.2014	1.475
167.3013	1.463
167.4013	1.445
167.5012	1.419
167.6011	1.392
167.7011	1.362
167.8010	1.332
167.9009	1.306
168.0008	1.284
168.1008	1.268
168.2008	1.259
168.3007	1.256
168.4008	1.262
168.5008	1.274
168.6009	1.293
168.7009	1.316
168.8010	1.343
168.9011	1.373
169.0012	1.401
169.1012	1.426
169.2013	1.449
169.3013	1.464
169.4014	1.473
169.5014	1.474
169.6014	1.469
169.7013	1.456
169.8013	1.438
169.9012	1.412
171.0011	1.387
171.1010	1.357
171.2010	1.331
171.3009	1.307
171.4008	1.287
171.5008	1.273
171.6008	1.265
171.7008	1.264
171.8008	1.270
171.9008	1.283
171.0009	1.301
171.1009	1.323
171.2010	1.348
171.3011	1.376
171.4012	1.402
171.5012	1.424
171.6013	1.445
171.7013	1.458
171.8014	1.465
171.9014	1.465
172.0013	1.459
172.1013	1.447
172.2012	1.427
172.3012	1.406
172.4011	1.382
172.5010	1.355
172.6010	1.331
172.7009	1.310
172.8009	1.293
172.9008	1.281
173.0008	1.275
173.1008	1.275
173.2008	1.282
173.3009	1.293
173.4009	1.310
173.5010	1.330
173.6010	1.353
173.7011	1.378
173.8012	1.400
173.9012	1.419
174.0013	1.437
174.1013	1.448
174.2013	1.453
174.3013	1.453
174.4013	1.446
174.5013	1.433
174.6012	1.417
174.7012	1.398
174.8011	1.377
174.9010	1.354
175.0010	1.334
175.1009	1.316
175.2009	1.302
175.3008	1.292
175.4008	1.288
175.5008	1.289
175.6009	1.295
175.7009	1.306
175.8009	1.320
175.9010	1.338
176.0010	1.357
176.1011	1.378
176.2012	1.397
176.3012	1.412
176.4012	1.425
176.5013	1.435
176.6013	1.439
176.7013	1.438
176.8013	1.430
176.9012	1.420
177.0012	1.406
177.1011	1.391
177.2011	1.374
177.3010	1.354
177.4010	1.338
177.5009	1.325
177.6009	1.314
177.7009	1.307
177.8009	1.304
177.9009	1.305
178.0009	1.310
178.1009	1.319
178.2010	1.331
178.3010	1.345
178.4010	1.361
178.5011	1.377
178.6011	1.391
178.7012	1.403
178.8012	1.411
178.9012	1.417
179.0012	1.420
179.1012	1.418
179.2012	1.413
179.3012	1.406
179.4012	1.396
179.5011	1.384
179.6011	1.371
179.7010	1.357
179.8010	1.345
179.9010	1.336
181.0010	1.328
181.1009	1.323
181.2009	1.321
181.3009	1.322
181.4009	1.326
181.5010	1.333
181.6010	1.341
181.7010	1.351
181.8011	1.363
181.9011	1.373
181.0011	1.382
181.1011	1.390
181.2012	1.397
181.3012	1.400
181.4012	1.402
181.5012	1.401
181.6012	1.398
181.7011	1.393
181.8011	1.386
181.9011	1.379
182.0011	1.371
182.1011	1.362
182.2010	1.355
182.3010	1.349
182.4010	1.344
182.5010	1.341
182.6010	1.340
182.7010	1.341
182.8010	1.343
182.9010	1.346
183.0010	1.351
183.1010	1.356
183.2011	1.362
183.3011	1.368
183.4011	1.372
183.5011	1.376
183.6011	1.379
183.7011	1.381
183.8011	1.382
183.9011	1.382
184.0011	1.381
184.1011	1.379
184.2011	1.377
184.3011	1.375
184.4011	1.372
184.5011	1.369
184.6011	1.367
184.7011	1.365
184.8011	1.363
184.9010	1.361
185.0010	1.360
185.1010	1.360
185.2010	1.359
185.3010	1.359
185.4010	1.359
185.5010	1.359
185.6010	1.360
185.7010	1.360
185.8010	1.359
185.9010	1.360
186.0010	1.360
186.1010	1.361
186.2011	1.362
186.3011	1.363
186.4011	1.365
186.5011	1.368
186.6011	1.370
186.7011	1.372
186.8011	1.375
186.9011	1.377
187.0011	1.379
187.1011	1.381
187.2011	1.382
187.3011	1.381
187.4011	1.380
187.5011	1.378
187.6011	1.375
187.7011	1.371
187.8011	1.367
187.9010	1.361
188.0010	1.355
188.1010	1.350
188.2010	1.346
188.3010	1.343
188.4010	1.341
188.5010	1.341
188.6010	1.343
188.7010	1.346
188.8010	1.350
188.9010	1.356
189.0011	1.363
189.1011	1.372
189.2011	1.380
189.3011	1.387
189.4011	1.393
189.5012	1.397
189.6012	1.400
189.7012	1.400
189.8012	1.398
189.9011	1.394
191.0011	1.388
191.1011	1.380
191.2011	1.371
191.3010	1.360
191.4010	1.350
191.5010	1.341
191.6010	1.333
191.7010	1.327
191.8009	1.324
191.9009	1.324
191.0009	1.326
191.1010	1.331
191.2010	1.338
191.3010	1.348
191.4010	1.360
191.5011	1.373
191.6011	1.386
191.7012	1.397
191.8012	1.406
191.9012	1.412
192.0012	1.416
192.1012	1.417
192.2012	1.413
192.3012	1.407
192.4012	1.399
192.5011	1.387
192.6011	1.373
192.7010	1.358
192.8010	1.343
192.9010	1.331
193.0009	1.320
193.1009	1.312
193.2009	1.308
193.3009	1.308
193.4009	1.311
193.5009	1.319
193.6010	1.329
193.7010	1.343
193.8010	1.358
193.9011	1.376
194.0011	1.392
194.1012	1.407
194.2012	1.418
194.3012	1.427
194.4013	1.433
194.5013	1.434
194.6012	1.428
194.7012	1.419
194.8012	1.407
194.9011	1.391
195.0011	1.374
195.1010	1.354
195.2010	1.336
195.3009	1.320
195.4009	1.308
195.5009	1.298
195.6009	1.294
195.7009	1.294
195.8009	1.299
195.9009	1.309
196.0009	1.322
196.1010	1.339
196.2010	1.359
196.3011	1.380
196.4012	1.400
196.5012	1.416
196.6013	1.431
196.7013	1.442
196.8013	1.447
196.9013	1.446
197.0013	1.440
197.1012	1.427
197.2012	1.412
197.3011	1.394
197.4011	1.373
197.5010	1.350
197.6010	1.329
197.7009	1.311
197.8009	1.297
197.9008	1.287
198.0008	1.282
198.1008	1.283
198.2008	1.290
198.3009	1.302
198.4009	1.318
198.5010	1.338
198.6010	1.361
198.7011	1.385
198.8012	1.407
198.9012	1.426
199.0013	1.443
199.1013	1.453
199.2013	1.457
199.3013	1.456
199.4013	1.448
199.5013	1.435
199.6012	1.415
199.7011	1.394
199.8011	1.370
199.9010	1.345
201.0009	1.322
201.1009	1.303
201.2008	1.287
201.3008	1.277
201.4008	1.273
201.5008	1.275
201.6008	1.284
201.7009	1.298
201.8009	1.317
201.9010	1.339
201.0011	1.364
201.1011	1.390
201.2012	1.413
201.3013	1.435
201.4013	1.451
201.5013	1.461
201.6013	1.464
201.7013	1.461
201.8013	1.452
201.9013	1.437
202.0012	1.415
202.1011	1.393
202.2011	1.367
202.3010	1.340
202.4009	1.316
202.5009	1.296
202.6008	1.281
202.7008	1.271
202.8008	1.268
202.9008	1.271
203.0008	1.281
203.1009	1.297
203.2009	1.317
203.3010	1.341
203.4011	1.369
203.5011	1.395
203.6012	1.418
203.7013	1.441
203.8013	1.456
203.9014	1.465
204.0014	1.468
204.1013	1.464
204.2013	1.453
204.3013	1.437
204.4012	1.413
204.5011	1.389
204.6011	1.362
204.7010	1.335
204.8009	1.312
204.9008	1.292
205.0008	1.277
205.1008	1.268
205.2008	1.266
205.3008	1.270
205.4008	1.282
205.5009	1.299
205.6009	1.320
205.7010	1.345
205.8011	1.373
205.9012	1.399
206.0012	1.422
206.1013	1.444
206.2013	1.458
206.3014	1.467
206.4014	1.468
206.5013	1.463
206.6013	1.451
206.7013	1.433
206.8012	1.409
206.9011	1.385
207.0010	1.357
207.1010	1.332
207.2009	1.309
207.3008	1.290
207.4008	1.276
207.5008	1.268
207.6008	1.267
207.7008	1.273
207.8008	1.285
207.9009	1.303
208.0009	1.325
208.1010	1.349
208.2011	1.377
208.3012	1.402
208.4012	1.424
208.5013	1.445
208.6013	1.458
208.7014	1.465
208.8014	1.465
208.9013	1.459
209.0013	1.446
209.1012	1.427
209.2012	1.405
209.3011	1.381
209.4010	1.353
209.5010	1.329
209.6009	1.308
209.7008	1.291
209.8008	1.278
209.9008	1.272
211.0008	1.272
211.1008	1.279
211.2008	1.291
211.3009	1.309
211.4010	1.330
211.5010	1.354
211.6011	1.380
211.7012	1.404
211.8012	1.424
211.9013	1.443
211.0013	1.454
211.1013	1.459
211.2013	1.458
211.3013	1.452
211.4013	1.439
211.5012	1.419
211.6012	1.399
211.7011	1.376
211.8010	1.351
211.9010	1.329
212.0009	1.309
212.1009	1.294
212.2008	1.284
212.3008	1.279
212.4008	1.280
212.5008	1.287
212.6009	1.300
212.7009	1.316
212.8010	1.336
212.9010	1.358
213.0011	1.382
213.1012	1.403
213.2012	1.421
213.3013	1.437
213.4013	1.447
213.5013	1.451
213.6013	1.449
213.7013	1.442
213.8012	1.428
213.9012	1.411
214.0011	1.393
214.1011	1.372
214.2010	1.350
214.3010	1.330
214.4009	1.313
214.5009	1.300
214.6008	1.292
214.7008	1.289
214.8008	1.291
214.9009	1.298
215.0009	1.309
215.1009	1.325
215.2010	1.342
215.3011	1.363
215.4011	1.383
215.5012	1.401
215.6012	1.415
215.7012	1.428
215.8013	1.437
215.9013	1.439
216.0013	1.437
216.1012	1.428
216.2012	1.417
216.3012	1.403
216.4011	1.387
216.5011	1.369
216.6010	1.350
216.7010	1.334
216.8009	1.320
216.9009	1.310
217.0009	1.303
217.1009	1.301
217.2009	1.304
217.3009	1.310
217.4009	1.320
217.5010	1.333
217.6010	1.348
217.7011	1.366
217.8011	1.382
217.9012	1.396
218.0012	1.407
218.1012	1.417
218.2012	1.422
218.3012	1.424
218.4012	1.421
218.5012	1.415
218.6012	1.406
218.7011	1.395
218.8011	1.381
218.9011	1.367
219.0010	1.352
219.1010	1.339
219.2010	1.329
219.3009	1.321
219.4009	1.317
219.5009	1.316
219.6009	1.318
219.7009	1.323
219.8010	1.331
219.9010	1.342
221.0010	1.353
221.1011	1.367
221.2011	1.379
221.3011	1.389
221.4012	1.398
221.5012	1.404
221.6012	1.407
221.7012	1.408
221.8012	1.406
221.9012	1.402
221.0011	1.395
221.1011	1.386
221.2011	1.377
221.3011	1.367
221.4010	1.356
221.5010	1.347
221.6010	1.340
221.7010	1.335
221.8010	1.332
221.9010	1.332
222.0010	1.333
222.1010	1.337
222.2010	1.343
222.3010	1.350
222.4010	1.357
222.5011	1.367
222.6011	1.374
222.7011	1.381
222.8011	1.386
222.9011	1.390
223.0011	1.392
223.1011	1.392
223.2011	1.391
223.3011	1.388
223.4011	1.384
223.5011	1.379
223.6011	1.373
223.7011	1.368
223.8011	1.362
223.9010	1.357
224.0010	1.353
224.1010	1.350
224.2010	1.349
224.3010	1.348
224.4010	1.349
224.5010	1.351
224.6010	1.353
224.7010	1.357
224.8010	1.361
224.9011	1.365
225.0011	1.368
225.1011	1.370
225.2011	1.372
225.3011	1.374
225.4011	1.375
225.5011	1.375
225.6011	1.375
225.7011	1.374
225.8011	1.374
225.9011	1.373
226.0011	1.372
226.1011	1.371
226.2011	1.370
226.3011	1.369
226.4011	1.368
226.5011	1.368
226.6011	1.367
226.7011	1.367
226.8011	1.366
226.9011	1.365
227.0011	1.365
227.1011	1.363
227.2011	1.362
227.3010	1.360
227.4010	1.358
227.5010	1.357
227.6010	1.357
227.7010	1.356
227.8010	1.356
227.9010	1.357
228.0010	1.359
228.1010	1.361
228.2011	1.364
228.3011	1.368
228.4011	1.372
228.5011	1.375
228.6011	1.378
228.7011	1.381
228.8011	1.383
228.9011	1.384
229.0011	1.384
229.1011	1.383
229.2011	1.380
229.3011	1.377
229.4011	1.372
229.5011	1.367
229.6010	1.361
229.7010	1.354
229.8010	1.349
229.9010	1.345
231.0010	1.342
231.1010	1.340
231.2010	1.340
231.3010	1.342
231.4010	1.345
231.5010	1.350
231.6010	1.357
231.7011	1.365
231.8011	1.373
231.9011	1.381
231.0011	1.388
231.1011	1.394
231.2012	1.398
231.3012	1.400
231.4012	1.400
231.5012	1.397
231.6011	1.393
231.7011	1.386
231.8011	1.378
231.9011	1.369
232.0010	1.358
232.1010	1.348
232.2010	1.340
232.3010	1.332
232.4010	1.327
232.5009	1.325
232.6009	1.325
232.7010	1.328
232.8010	1.334
232.9010	1.342
233.0010	1.352
233.1011	1.364
233.2011	1.376
233.3011	1.388
233.4012	1.398
233.5012	1.406
233.6012	1.411
233.7012	1.414
233.8012	1.413
233.9012	1.409
234.0012	1.403
234.1011	1.394
234.2011	1.382
234.3011	1.369
234.4010	1.354
234.5010	1.341
234.6010	1.330
234.7009	1.320
234.8009	1.314
234.9009	1.311
235.0009	1.312
235.1009	1.317
235.2009	1.325
235.3010	1.335
235.4010	1.349
235.5011	1.364
235.6011	1.380
235.7011	1.395
235.8012	1.407
235.9012	1.417
236.0012	1.424
236.1012	1.427
236.2012	1.426
236.3012	1.420
236.4012	1.411
236.5012	1.399
236.6011	1.384
236.7011	1.368
236.8010	1.350
236.9010	1.334
237.0009	1.320
237.1009	1.309
237.2009	1.302
237.3009	1.300
237.4009	1.301
237.5009	1.308
237.6009	1.318
237.7010	1.331
237.8010	1.348
237.9011	1.367
238.0011	1.385
238.1012	1.402
238.2012	1.416
238.3012	1.428
238.4013	1.437
238.5013	1.439
238.6013	1.437
238.7012	1.428
238.8012	1.416
238.9012	1.402
239.0011	1.384
239.1011	1.365
239.2010	1.345
239.3009	1.327
239.4009	1.312
239.5009	1.300
239.6009	1.293
239.7008	1.291
239.8009	1.293
239.9009	1.301
241.0009	1.314
241.1010	1.329
241.2010	1.348
241.3011	1.370
241.4011	1.390
241.5012	1.408
241.6012	1.424
241.7013	1.438
241.8013	1.445
241.9013	1.447
241.0013	1.444
241.1013	1.435
241.2012	1.420
241.3012	1.403
241.4011	1.383
241.5010	1.361
241.6010	1.340
241.7009	1.320
241.8009	1.305
241.9009	1.293
242.0008	1.286
242.1008	1.284
242.2008	1.288
242.3009	1.298
242.4009	1.312
242.5010	1.330
242.6010	1.350
242.7011	1.374
242.8011	1.395
242.9012	1.414
243.0013	1.431
243.1013	1.445
243.2013	1.451
243.3013	1.452
243.4013	1.448
243.5013	1.437
243.6012	1.420
243.7012	1.402
243.8011	1.381
243.9010	1.357
244.0010	1.335
244.1009	1.315
244.2009	1.299
244.3008	1.288
244.4008	1.281
244.5008	1.281
244.6008	1.286
244.7009	1.297
244.8009	1.312
244.9010	1.332
245.0010	1.353
245.1011	1.378
245.2012	1.400
245.3012	1.419
245.4013	1.437
245.5013	1.448
245.6013	1.454
245.7013	1.454
245.8013	1.448
245.9013	1.437
246.0012	1.418
246.1012	1.399
246.2011	1.377
246.3010	1.352
246.4010	1.331
246.5009	1.311
246.6009	1.296
246.7008	1.285
246.8008	1.280
246.9008	1.281
247.0008	1.287
247.1009	1.299
247.2009	1.315
247.3010	1.335
247.4010	1.357
247.5011	1.382
247.6012	1.403
247.7012	1.422
247.8013	1.439
247.9013	1.449
248.0013	1.454
248.1013	1.453
248.2013	1.446
248.3013	1.432
248.4012	1.414
248.5011	1.395
248.6011	1.373
248.7010	1.349
248.8010	1.328
248.9009	1.309
249.0009	1.295
249.1008	1.286
249.2008	1.282
249.3008	1.283
249.4008	1.291
249.5009	1.303
249.6009	1.320
249.7010	1.340
249.8011	1.362
249.9011	1.385
251.0012	1.405
251.1012	1.423
251.2013	1.439
251.3013	1.448
251.4013	1.451
251.5013	1.449
251.6013	1.441
251.7012	1.426
251.8012	1.409
251.9011	1.390
251.0011	1.369
251.1010	1.346
251.2009	1.327
251.3009	1.310
251.4009	1.297
251.5008	1.289
251.6008	1.286
251.7008	1.289
251.8009	1.297
251.9009	1.309
252.0009	1.325
252.1010	1.344
252.2011	1.367
252.3011	1.387
252.4012	1.406
252.5012	1.421
252.6013	1.435
252.7013	1.443
252.8013	1.445
252.9013	1.442
253.0013	1.433
253.1012	1.419
253.2012	1.404
253.3011	1.385
253.4011	1.365
253.5010	1.345
