Winkelposition, Messreihe #1
Zeit ( s )	Winkelposition ( rad )
0,0000	11,844
0,0200	11,292
0,0400	10,700
0,0600	10,070
0,0800	9,403
0,1000	8,702
0,1200	7,973
0,1400	7,216
0,1600	6,436
0,1800	5,638
0,2000	4,822
0,2200	3,996
0,2400	3,160
0,2600	2,320
0,2800	1,480
0,3000	0,641
0,3200	-0,188
0,3400	-1,004
0,3600	-1,805
0,3800	-2,586
0,4000	-3,344
0,4200	-4,075
0,4400	-4,775
0,4600	-5,441
0,4800	-6,071
0,5000	-6,659
0,5200	-7,202
0,5400	-7,700
0,5600	-8,149
0,5800	-8,545
0,6000	-8,889
0,6200	-9,175
0,6400	-9,406
0,6600	-9,579
0,6800	-9,693
0,7000	-9,748
0,7200	-9,745
0,7400	-9,684
0,7600	-9,569
0,7800	-9,398
0,8000	-9,173
0,8200	-8,899
0,8400	-8,573
0,8600	-8,200
0,8800	-7,780
0,9000	-7,317
0,9200	-6,811
0,9400	-6,264
0,9600	-5,680
0,9800	-5,058
1,0000	-4,406
1,0200	-3,724
1,0400	-3,018
1,0600	-2,287
1,0800	-1,538
1,1000	-0,774
1,1200	0,000
1,1400	0,785
1,1600	1,576
1,1800	2,362
1,2000	3,148
1,2200	3,924
1,2400	4,690
1,2600	5,441
1,2800	6,173
1,3000	6,885
1,3200	7,573
1,3400	8,233
1,3600	8,862
1,3800	9,458
1,4000	10,019
1,4200	10,540
1,4400	11,021
1,4600	11,459
1,4800	11,853
1,5000	12,199
1,5200	12,499
1,5400	12,749
1,5600	12,948
1,5800	13,096
1,6000	13,193
1,6200	13,239
1,6400	13,231
1,6600	13,173
1,6800	13,063
1,7000	12,903
1,7200	12,694
1,7400	12,436
1,7600	12,133
1,7800	11,783
1,8000	11,390
1,8200	10,955
1,8400	10,479
1,8600	9,965
1,8800	9,417
1,9000	8,834
1,9200	8,222
1,9400	7,581
1,9600	6,915
1,9800	6,227
2,0000	5,521
2,0200	4,800
2,0400	4,068
2,0600	3,325
2,0800	2,578
2,1000	1,828
2,1200	1,081
2,1400	0,338
2,1600	-0,394
2,1800	-1,114
2,2000	-1,816
2,2200	-2,501
2,2400	-3,160
2,2600	-3,795
2,2800	-4,401
2,3000	-4,976
2,3200	-5,515
2,3400	-6,016
2,3600	-6,476
2,3800	-6,896
2,4000	-7,268
2,4200	-7,596
2,4400	-7,874
2,4600	-8,104
2,4800	-8,281
2,5000	-8,405
2,5200	-8,476
2,5400	-8,492
2,5600	-8,452
2,5800	-8,363
2,6000	-8,225
2,6200	-8,041
2,6400	-7,812
2,6600	-7,537
2,6800	-7,219
2,7000	-6,861
2,7200	-6,462
2,7400	-6,022
2,7600	-5,546
2,7800	-5,034
2,8000	-4,491
2,8200	-3,916
2,8400	-3,316
2,8600	-2,692
2,8800	-2,048
2,9000	-1,384
2,9200	-0,707
2,9400	-0,020
2,9600	0,679
2,9800	1,381
3,0000	2,084
3,0200	2,783
3,0400	3,479
3,0600	4,164
3,0800	4,838
3,1000	5,496
3,1200	6,136
3,1400	6,756
3,1600	7,351
3,1800	7,920
3,2000	8,460
3,2200	8,969
3,2400	9,444
3,2600	9,883
3,2800	10,286
3,3000	10,647
3,3200	10,969
3,3400	11,247
3,3600	11,481
3,3800	11,671
3,4000	11,814
3,4200	11,913
3,4400	11,963
3,4600	11,969
3,4800	11,929
3,5000	11,842
3,5200	11,712
3,5400	11,538
3,5600	11,319
3,5800	11,058
3,6000	10,757
3,6200	10,418
3,6400	10,041
3,6600	9,626
3,6800	9,178
3,7000	8,698
3,7200	8,187
3,7400	7,650
3,7600	7,087
3,7800	6,502
3,8000	5,895
3,8200	5,273
3,8400	4,637
3,8600	3,988
3,8800	3,330
3,9000	2,667
3,9200	2,003
3,9400	1,338
3,9600	0,677
3,9800	0,025
4,0000	-0,616
4,0200	-1,244
4,0400	-1,855
4,0600	-2,446
4,0800	-3,016
4,1000	-3,559
4,1200	-4,076
4,1400	-4,562
4,1600	-5,014
4,1800	-5,432
4,2000	-5,814
4,2200	-6,156
4,2400	-6,456
4,2600	-6,715
4,2800	-6,930
4,3000	-7,102
4,3200	-7,227
4,3400	-7,307
4,3600	-7,340
4,3800	-7,328
4,4000	-7,268
4,4200	-7,166
4,4400	-7,025
4,4600	-6,839
4,4800	-6,616
4,5000	-6,354
4,5200	-6,052
4,5400	-5,715
4,5600	-5,342
4,5800	-4,937
4,6000	-4,499
4,6200	-4,031
4,6400	-3,536
4,6600	-3,016
4,6800	-2,472
4,7000	-1,910
4,7200	-1,330
4,7400	-0,737
4,7600	-0,130
4,7800	0,484
4,8000	1,104
4,8200	1,728
4,8400	2,350
4,8600	2,969
4,8800	3,580
4,9000	4,183
4,9200	4,774
4,9400	5,349
4,9600	5,908
4,9800	6,445
5,0000	6,962
5,0200	7,453
5,0400	7,917
5,0600	8,353
5,0800	8,757
5,1000	9,131
5,1200	9,469
5,1400	9,773
5,1600	10,039
5,1800	10,267
5,2000	10,455
5,2200	10,604
5,2400	10,713
5,2600	10,780
5,2800	10,807
5,3000	10,795
5,3200	10,740
5,3400	10,644
5,3600	10,510
5,3800	10,337
5,4000	10,128
5,4200	9,882
5,4400	9,599
5,4600	9,283
5,4800	8,935
5,5000	8,555
5,5200	8,145
5,5400	7,708
5,5600	7,246
5,5800	6,759
5,6000	6,252
5,6200	5,726
5,6400	5,184
5,6600	4,628
5,6800	4,059
5,7000	3,481
5,7200	2,898
5,7400	2,311
5,7600	1,723
5,7800	1,137
5,8000	0,556
5,8200	-0,017
5,8400	-0,578
5,8600	-1,125
5,8800	-1,657
5,9000	-2,171
5,9200	-2,663
5,9400	-3,132
5,9600	-3,575
5,9800	-3,991
6,0000	-4,376
6,0200	-4,731
6,0400	-5,052
6,0600	-5,336
6,0800	-5,586
6,1000	-5,798
6,1200	-5,971
6,1400	-6,103
6,1600	-6,197
6,1800	-6,249
6,2000	-6,261
6,2200	-6,233
6,2400	-6,165
6,2600	-6,060
6,2800	-5,919
6,3000	-5,740
6,3200	-5,524
6,3400	-5,276
6,3600	-4,995
6,3800	-4,679
6,4000	-4,334
6,4200	-3,960
6,4400	-3,558
6,4600	-3,131
6,4800	-2,680
6,5000	-2,209
6,5200	-1,718
6,5400	-1,213
6,5600	-0,693
6,5800	-0,162
6,6000	0,379
6,6200	0,925
6,6400	1,477
6,6600	2,026
6,6800	2,576
6,7000	3,121
6,7200	3,658
6,7400	4,186
6,7600	4,701
6,7800	5,202
6,8000	5,686
6,8200	6,153
6,8400	6,597
6,8600	7,018
6,8800	7,416
6,9000	7,786
6,9200	8,129
6,9400	8,440
6,9600	8,723
6,9800	8,972
7,0000	9,189
7,0200	9,371
7,0400	9,519
7,0600	9,631
7,0800	9,708
7,1000	9,747
7,1200	9,752
7,1400	9,719
7,1600	9,651
7,1800	9,549
7,2000	9,412
7,2200	9,243
7,2400	9,040
7,2600	8,806
7,2800	8,542
7,3000	8,248
7,3200	7,926
7,3400	7,578
7,3600	7,204
7,3800	6,806
7,4000	6,388
7,4200	5,950
7,4400	5,495
7,4600	5,022
7,4800	4,536
7,5000	4,040
7,5200	3,534
7,5400	3,022
7,5600	2,507
7,5800	1,989
7,6000	1,472
7,6200	0,958
7,6400	0,451
7,6600	-0,049
7,6800	-0,537
7,7000	-1,012
7,7200	-1,472
7,7400	-1,913
7,7600	-2,336
7,7800	-2,736
7,8000	-3,113
7,8200	-3,465
7,8400	-3,790
7,8600	-4,086
7,8800	-4,351
7,9000	-4,584
7,9200	-4,785
7,9400	-4,953
7,9600	-5,085
7,9800	-5,182
8,0000	-5,245
8,0200	-5,270
8,0400	-5,262
8,0600	-5,218
8,0800	-5,140
8,1000	-5,028
8,1200	-4,882
8,1400	-4,705
8,1600	-4,496
8,1800	-4,257
8,2000	-3,990
8,2200	-3,693
8,2400	-3,371
8,2600	-3,025
8,2800	-2,656
8,3000	-2,267
8,3200	-1,858
8,3400	-1,431
8,3600	-0,991
8,3800	-0,537
8,4000	-0,074
8,4200	0,399
8,4400	0,878
8,4600	1,362
8,4800	1,846
8,5000	2,329
8,5200	2,810
8,5400	3,285
8,5600	3,751
8,5800	4,208
8,6000	4,654
8,6200	5,083
8,6400	5,498
8,6600	5,894
8,6800	6,271
8,7000	6,624
8,7200	6,957
8,7400	7,263
8,7600	7,546
8,7800	7,801
8,8000	8,027
8,8200	8,225
8,8400	8,391
8,8600	8,528
8,8800	8,635
8,9000	8,708
8,9200	8,752
8,9400	8,763
8,9600	8,745
8,9800	8,693
9,0000	8,613
9,0200	8,501
9,0400	8,361
9,0600	8,192
9,0800	7,995
9,1000	7,771
9,1200	7,521
9,1400	7,245
9,1600	6,946
9,1800	6,624
9,2000	6,282
9,2200	5,920
9,2400	5,542
9,2600	5,148
9,2800	4,738
9,3000	4,315
9,3200	3,883
9,3400	3,443
9,3600	2,997
9,3800	2,546
9,4000	2,094
9,4200	1,641
9,4400	1,192
9,4600	0,746
9,4800	0,308
9,5000	-0,121
9,5200	-0,539
9,5400	-0,942
9,5600	-1,332
9,5800	-1,706
9,6000	-2,061
9,6200	-2,394
9,6400	-2,706
9,6600	-2,996
9,6800	-3,261
9,7000	-3,498
9,7200	-3,709
9,7400	-3,892
9,7600	-4,045
9,7800	-4,167
9,8000	-4,260
9,8200	-4,323
9,8400	-4,353
9,8600	-4,353
9,8800	-4,321
9,9000	-4,260
9,9200	-4,169
9,9400	-4,050
9,9600	-3,902
9,9800	-3,726
10,0000	-3,523
10,0200	-3,296
10,0400	-3,043
10,0600	-2,769
10,0800	-2,474
10,1000	-2,157
10,1200	-1,822
10,1400	-1,470
10,1600	-1,104
10,1800	-0,724
10,2000	-0,333
10,2200	0,068
10,2400	0,476
10,2600	0,892
10,2800	1,310
10,3000	1,731
10,3200	2,150
10,3400	2,570
10,3600	2,983
10,3800	3,391
10,4000	3,789
10,4200	4,178
10,4400	4,555
10,4600	4,920
10,4800	5,267
10,5000	5,598
10,5200	5,911
10,5400	6,202
10,5600	6,475
10,5800	6,723
10,6000	6,949
10,6200	7,150
10,6400	7,326
10,6600	7,477
10,6800	7,601
10,7000	7,697
10,7200	7,766
10,7400	7,807
10,7600	7,821
10,7800	7,808
10,8000	7,768
10,8200	7,700
10,8400	7,606
10,8600	7,486
10,8800	7,342
10,9000	7,174
10,9200	6,982
10,9400	6,767
10,9600	6,533
10,9800	6,277
11,0000	6,002
11,0200	5,708
11,0400	5,399
11,0600	5,074
11,0800	4,734
11,1000	4,383
11,1200	4,020
11,1400	3,649
11,1600	3,270
11,1800	2,887
11,2000	2,499
11,2200	2,110
11,2400	1,722
11,2600	1,334
11,2800	0,952
11,3000	0,573
11,3200	0,204
11,3400	-0,157
11,3600	-0,504
11,3800	-0,842
11,4000	-1,162
11,4200	-1,469
11,4400	-1,758
11,4600	-2,028
11,4800	-2,279
11,5000	-2,509
11,5200	-2,714
11,5400	-2,898
11,5600	-3,057
11,5800	-3,192
11,6000	-3,300
11,6200	-3,382
11,6400	-3,438
11,6600	-3,467
11,6800	-3,470
11,7000	-3,446
11,7200	-3,398
11,7400	-3,324
11,7600	-3,225
11,7800	-3,101
11,8000	-2,955
11,8200	-2,787
11,8400	-2,595
11,8600	-2,383
11,8800	-2,152
11,9000	-1,902
11,9200	-1,635
11,9400	-1,351
11,9600	-1,052
11,9800	-0,743
12,0000	-0,419
12,0200	-0,086
12,0400	0,254
12,0600	0,603
12,0800	0,958
12,1000	1,315
12,1200	1,674
12,1400	2,034
12,1600	2,392
12,1800	2,746
12,2000	3,096
12,2200	3,438
12,2400	3,773
12,2600	4,097
12,2800	4,411
12,3000	4,711
12,3200	4,997
12,3400	5,267
12,3600	5,520
12,3800	5,754
12,4000	5,969
12,4200	6,165
12,4400	6,340
12,4600	6,494
12,4800	6,624
12,5000	6,732
12,5200	6,817
12,5400	6,879
12,5600	6,916
12,5800	6,930
12,6000	6,921
12,6200	6,888
12,6400	6,831
12,6600	6,754
12,6800	6,654
12,7000	6,535
12,7200	6,393
12,7400	6,231
12,7600	6,052
12,7800	5,854
12,8000	5,638
12,8200	5,407
12,8400	5,158
12,8600	4,896
12,8800	4,620
12,9000	4,332
12,9200	4,034
12,9400	3,728
12,9600	3,413
12,9800	3,091
13,0000	2,766
13,0200	2,438
13,0400	2,108
13,0600	1,778
13,0800	1,450
13,1000	1,125
13,1200	0,804
13,1400	0,492
13,1600	0,185
13,1800	-0,110
13,2000	-0,394
13,2200	-0,668
13,2400	-0,927
13,2600	-1,172
13,2800	-1,401
13,3000	-1,613
13,3200	-1,808
13,3400	-1,984
13,3600	-2,139
13,3800	-2,275
13,4000	-2,389
13,4200	-2,482
13,4400	-2,553
13,4600	-2,601
13,4800	-2,626
13,5000	-2,631
13,5200	-2,612
13,5400	-2,571
13,5600	-2,510
13,5800	-2,428
13,6000	-2,326
13,6200	-2,205
13,6400	-2,064
13,6600	-1,905
13,6800	-1,729
13,7000	-1,536
13,7200	-1,327
13,7400	-1,106
13,7600	-0,869
13,7800	-0,620
13,8000	-0,361
13,8200	-0,091
13,8400	0,187
13,8600	0,471
13,8800	0,763
13,9000	1,059
13,9200	1,359
13,9400	1,659
13,9600	1,960
13,9800	2,260
14,0000	2,557
14,0200	2,851
14,0400	3,138
14,0600	3,421
14,0800	3,693
14,1000	3,957
14,1200	4,210
14,1400	4,450
14,1600	4,678
14,1800	4,891
14,2000	5,089
14,2200	5,272
14,2400	5,437
14,2600	5,584
14,2800	5,713
14,3000	5,823
14,3200	5,914
14,3400	5,986
14,3600	6,037
14,3800	6,068
14,4000	6,081
14,4200	6,073
14,4400	6,044
14,4600	5,997
14,4800	5,931
14,5000	5,848
14,5200	5,746
14,5400	5,628
14,5600	5,493
14,5800	5,341
14,6000	5,176
14,6200	4,994
14,6400	4,799
14,6600	4,590
14,6800	4,370
14,7000	4,139
14,7200	3,899
14,7400	3,649
14,7600	3,393
14,7800	3,129
14,8000	2,864
14,8200	2,592
14,8400	2,318
14,8600	2,045
14,8800	1,772
14,9000	1,500
14,9200	1,232
14,9400	0,968
14,9600	0,708
14,9800	0,457
15,0000	0,212
15,0200	-0,022
15,0400	-0,247
15,0600	-0,459
15,0800	-0,660
15,1000	-0,847
15,1200	-1,019
15,1400	-1,178
15,1600	-1,321
15,1800	-1,447
15,2000	-1,557
15,2200	-1,648
15,2400	-1,723
15,2600	-1,780
15,2800	-1,817
15,3000	-1,836
15,3200	-1,838
15,3400	-1,821
15,3600	-1,786
15,3800	-1,734
15,4000	-1,665
15,4200	-1,579
15,4400	-1,478
15,4600	-1,362
15,4800	-1,230
15,5000	-1,085
15,5200	-0,925
15,5400	-0,754
15,5600	-0,570
15,5800	-0,375
15,6000	-0,171
15,6200	0,042
15,6400	0,264
15,6600	0,493
15,6800	0,729
15,7000	0,968
15,7200	1,211
15,7400	1,458
15,7600	1,704
15,7800	1,953
15,8000	2,198
15,8200	2,443
15,8400	2,683
15,8600	2,920
15,8800	3,151
15,9000	3,374
15,9200	3,591
15,9400	3,797
15,9600	3,995
15,9800	4,180
16,0000	4,354
16,0200	4,518
16,0400	4,665
16,0600	4,800
16,0800	4,920
16,1000	5,025
16,1200	5,113
16,1400	5,187
16,1600	5,243
16,1800	5,283
16,2000	5,305
16,2200	5,311
16,2400	5,301
16,2600	5,275
16,2800	5,232
16,3000	5,174
16,3200	5,102
16,3400	5,016
16,3600	4,915
16,3800	4,800
16,4000	4,673
16,4200	4,533
16,4400	4,381
16,4600	4,219
16,4800	4,046
16,5000	3,864
16,5200	3,673
16,5400	3,475
16,5600	3,270
16,5800	3,060
16,6000	2,846
16,6200	2,628
16,6400	2,408
16,6600	2,187
16,6800	1,965
16,7000	1,744
16,7200	1,525
16,7400	1,308
16,7600	1,096
16,7800	0,889
16,8000	0,688
16,8200	0,493
16,8400	0,306
16,8600	0,129
16,8800	-0,041
16,9000	-0,198
16,9200	-0,346
16,9400	-0,481
16,9600	-0,605
16,9800	-0,713
17,0000	-0,811
17,0200	-0,894
17,0400	-0,963
17,0600	-1,016
17,0800	-1,056
17,1000	-1,081
17,1200	-1,090
17,1400	-1,085
17,1600	-1,067
17,1800	-1,034
17,2000	-0,986
17,2200	-0,927
17,2400	-0,855
17,2600	-0,770
17,2800	-0,672
17,3000	-0,564
17,3200	-0,445
17,3400	-0,314
17,3600	-0,174
17,3800	-0,025
17,4000	0,134
17,4200	0,298
17,4400	0,471
17,4600	0,650
17,4800	0,834
17,5000	1,023
17,5200	1,213
17,5400	1,407
17,5600	1,602
17,5800	1,799
17,6000	1,995
17,6200	2,190
17,6400	2,383
17,6600	2,573
17,6800	2,758
17,7000	2,939
17,7200	3,115
17,7400	3,285
17,7600	3,446
17,7800	3,599
17,8000	3,743
17,8200	3,878
17,8400	4,004
17,8600	4,119
17,8800	4,221
17,9000	4,312
17,9200	4,390
17,9400	4,456
17,9600	4,510
17,9800	4,549
18,0000	4,576
18,0200	4,588
18,0400	4,590
18,0600	4,576
18,0800	4,551
18,1000	4,511
18,1200	4,461
18,1400	4,400
18,1600	4,326
18,1800	4,243
18,2000	4,147
18,2200	4,043
18,2400	3,929
18,2600	3,806
18,2800	3,676
18,3000	3,537
18,3200	3,393
18,3400	3,241
18,3600	3,083
18,3800	2,923
18,4000	2,757
18,4200	2,589
18,4400	2,417
18,4600	2,246
18,4800	2,075
18,5000	1,902
18,5200	1,731
18,5400	1,563
18,5600	1,396
18,5800	1,233
18,6000	1,074
18,6200	0,920
18,6400	0,773
18,6600	0,631
18,6800	0,496
18,7000	0,369
18,7200	0,251
18,7400	0,141
18,7600	0,041
18,7800	-0,050
18,8000	-0,130
18,8200	-0,199
18,8400	-0,259
18,8600	-0,306
18,8800	-0,342
18,9000	-0,368
18,9200	-0,382
18,9400	-0,383
18,9600	-0,375
18,9800	-0,355
19,0000	-0,324
19,0200	-0,283
19,0400	-0,232
19,0600	-0,173
19,0800	-0,102
19,1000	-0,025
19,1200	0,063
19,1400	0,157
19,1600	0,261
19,1800	0,371
19,2000	0,489
19,2200	0,611
19,2400	0,740
19,2600	0,872
19,2800	1,010
19,3000	1,151
19,3200	1,294
19,3400	1,442
19,3600	1,590
19,3800	1,739
19,4000	1,888
19,4200	2,036
19,4400	2,183
19,4600	2,329
19,4800	2,472
19,5000	2,612
19,5200	2,747
19,5400	2,878
19,5600	3,003
19,5800	3,123
19,6000	3,236
19,6200	3,343
19,6400	3,440
19,6600	3,531
19,6800	3,613
19,7000	3,687
19,7200	3,751
19,7400	3,804
19,7600	3,850
19,7800	3,886
19,8000	3,911
19,8200	3,925
19,8400	3,930
19,8600	3,925
19,8800	3,911
19,9000	3,888
19,9200	3,855
19,9400	3,812
19,9600	3,762
19,9800	3,704
20,0000	3,638
20,0200	3,564
20,0400	3,484
20,0600	3,398
20,0800	3,303
20,1000	3,204
20,1200	3,099
20,1400	2,991
20,1600	2,878
20,1800	2,760
20,2000	2,639
20,2200	2,518
20,2400	2,392
20,2600	2,267
20,2800	2,139
20,3000	2,014
20,3200	1,888
20,3400	1,762
20,3600	1,640
20,3800	1,519
20,4000	1,401
20,4200	1,286
20,4400	1,177
20,4600	1,070
20,4800	0,969
20,5000	0,873
20,5200	0,784
20,5400	0,702
20,5600	0,625
20,5800	0,556
20,6000	0,493
20,6200	0,440
20,6400	0,393
20,6600	0,355
20,6800	0,325
20,7000	0,303
20,7200	0,291
20,7400	0,286
20,7600	0,289
20,7800	0,300
20,8000	0,319
20,8200	0,344
20,8400	0,377
20,8600	0,418
20,8800	0,463
20,9000	0,517
20,9200	0,576
20,9400	0,641
20,9600	0,712
20,9800	0,787
21,0000	0,867
21,0200	0,952
21,0400	1,040
21,0600	1,133
21,0800	1,228
21,1000	1,326
21,1200	1,426
21,1400	1,528
21,1600	1,632
21,1800	1,736
21,2000	1,841
21,2200	1,945
21,2400	2,048
21,2600	2,150
21,2800	2,251
21,3000	2,348
21,3200	2,444
21,3400	2,537
21,3600	2,625
21,3800	2,710
21,4000	2,790
21,4200	2,867
21,4400	2,936
21,4600	3,002
21,4800	3,060
21,5000	3,113
21,5200	3,160
21,5400	3,200
21,5600	3,233
21,5800	3,259
21,6000	3,278
21,6200	3,291
21,6400	3,296
21,6600	3,294
21,6800	3,285
21,7000	3,270
21,7200	3,250
21,7400	3,223
21,7600	3,192
21,7800	3,154
21,8000	3,112
21,8200	3,065
21,8400	3,011
21,8600	2,955
21,8800	2,895
21,9000	2,829
21,9200	2,761
21,9400	2,689
21,9600	2,615
21,9800	2,540
22,0000	2,461
22,0200	2,381
22,0400	2,300
22,0600	2,218
22,0800	2,135
22,1000	2,051
22,1200	1,970
22,1400	1,888
22,1600	1,806
22,1800	1,728
22,2000	1,651
22,2200	1,576
22,2400	1,503
22,2600	1,434
22,2800	1,368
22,3000	1,305
22,3200	1,247
22,3400	1,194
22,3600	1,144
22,3800	1,098
22,4000	1,059
22,4200	1,023
22,4400	0,993
22,4600	0,968
22,4800	0,949
22,5000	0,935
22,5200	0,927
22,5400	0,924
22,5600	0,925
22,5800	0,933
22,6000	0,944
22,6200	0,961
22,6400	0,980
22,6600	1,005
22,6800	1,035
22,7000	1,067
22,7200	1,103
22,7400	1,142
22,7600	1,184
22,7800	1,230
22,8000	1,279
22,8200	1,329
22,8400	1,382
22,8600	1,437
22,8800	1,494
22,9000	1,552
22,9200	1,612
22,9400	1,673
22,9600	1,734
22,9800	1,795
23,0000	1,857
23,0200	1,920
23,0400	1,979
23,0600	2,040
23,0800	2,099
23,1000	2,157
23,1200	2,212
23,1400	2,267
23,1600	2,317
23,1800	2,367
23,2000	2,413
23,2200	2,457
23,2400	2,496
23,2600	2,534
23,2800	2,567
23,3000	2,597
23,3200	2,622
23,3400	2,644
23,3600	2,663
23,3800	2,677
23,4000	2,686
23,4200	2,692
23,4400	2,694
23,4600	2,692
23,4800	2,688
23,5000	2,678
23,5200	2,667
23,5400	2,652
23,5600	2,634
23,5800	2,614
23,6000	2,592
23,6200	2,567
23,6400	2,540
23,6600	2,510
23,6800	2,479
23,7000	2,446
23,7200	2,411
23,7400	2,375
23,7600	2,337
23,7800	2,298
23,8000	2,259
23,8200	2,218
23,8400	2,176
23,8600	2,135
23,8800	2,091
23,9000	2,050
23,9200	2,007
23,9400	1,965
23,9600	1,924
23,9800	1,885
24,0000	1,846
24,0200	1,808
24,0400	1,772
24,0600	1,737
24,0800	1,706
24,1000	1,674
24,1200	1,646
24,1400	1,619
24,1600	1,596
24,1800	1,576
24,2000	1,557
24,2200	1,541
24,2400	1,527
24,2600	1,517
24,2800	1,510
24,3000	1,505
24,3200	1,503
24,3400	1,503
24,3600	1,506
24,3800	1,511
24,4000	1,519
24,4200	1,527
24,4400	1,538
24,4600	1,550
24,4800	1,565
24,5000	1,580
24,5200	1,596
24,5400	1,615
24,5600	1,634
24,5800	1,654
24,6000	1,674
24,6200	1,696
24,6400	1,718
24,6600	1,740
24,6800	1,762
24,7000	1,786
24,7200	1,808
24,7400	1,832
24,7600	1,855
24,7800	1,877
24,8000	1,901
24,8200	1,921
24,8400	1,943
24,8600	1,963
24,8800	1,984
24,9000	2,003
24,9200	2,022
24,9400	2,039
24,9600	2,055
24,9800	2,069
25,0000	2,083
25,0200	2,095
25,0400	2,106
25,0600	2,116
25,0800	2,124
25,1000	2,130
25,1200	2,136
25,1400	2,139
25,1600	2,141
25,1800	2,143
25,2000	2,143
25,2200	2,141
25,2400	2,138
25,2600	2,135
25,2800	2,130
25,3000	2,127
25,3200	2,121
25,3400	2,114
25,3600	2,108
25,3800	2,100
25,4000	2,092
25,4200	2,084
25,4400	2,077
25,4600	2,067
25,4800	2,058
25,5000	2,048
25,5200	2,040
25,5400	2,029
25,5600	2,022
25,5800	2,012
25,6000	2,004
25,6200	1,996
25,6400	1,990
25,6600	1,984
25,6800	1,978
25,7000	1,973
25,7200	1,968
25,7400	1,963
25,7600	1,960
25,7800	1,957
