Winkelposition, Messreihe #3
Zeit ( s )	Winkelposition ( rad )
0,0000	-11,827
0,0200	-12,361
0,0400	-12,846
0,0600	-13,276
0,0800	-13,650
0,1000	-13,968
0,1200	-14,225
0,1400	-14,423
0,1600	-14,560
0,1800	-14,637
0,2000	-14,654
0,2200	-14,612
0,2400	-14,513
0,2600	-14,359
0,2800	-14,153
0,3000	-13,897
0,3200	-13,591
0,3400	-13,237
0,3600	-12,835
0,3800	-12,390
0,4000	-11,902
0,4200	-11,376
0,4400	-10,810
0,4600	-10,212
0,4800	-9,580
0,5000	-8,921
0,5200	-8,237
0,5400	-7,534
0,5600	-6,811
0,5800	-6,074
0,6000	-5,327
0,6200	-4,573
0,6400	-3,812
0,6600	-3,052
0,6800	-2,298
0,7000	-1,552
0,7200	-0,820
0,7400	-0,101
0,7600	0,602
0,7800	1,282
0,8000	1,940
0,8200	2,571
0,8400	3,173
0,8600	3,743
0,8800	4,279
0,9000	4,777
0,9200	5,237
0,9400	5,656
0,9600	6,033
0,9800	6,366
1,0000	6,655
1,0200	6,897
1,0400	7,094
1,0600	7,243
1,0800	7,345
1,1000	7,397
1,1200	7,405
1,1400	7,364
1,1600	7,278
1,1800	7,147
1,2000	6,971
1,2200	6,751
1,2400	6,491
1,2600	6,189
1,2800	5,850
1,3000	5,473
1,3200	5,063
1,3400	4,618
1,3600	4,142
1,3800	3,640
1,4000	3,112
1,4200	2,559
1,4400	1,985
1,4600	1,392
1,4800	0,785
1,5000	0,165
1,5200	-0,465
1,5400	-1,103
1,5600	-1,745
1,5800	-2,388
1,6000	-3,028
1,6200	-3,663
1,6400	-4,290
1,6600	-4,906
1,6800	-5,506
1,7000	-6,088
1,7200	-6,651
1,7400	-7,193
1,7600	-7,708
1,7800	-8,198
1,8000	-8,658
1,8200	-9,087
1,8400	-9,483
1,8600	-9,843
1,8800	-10,165
1,9000	-10,449
1,9200	-10,694
1,9400	-10,900
1,9600	-11,062
1,9800	-11,183
2,0000	-11,263
2,0200	-11,299
2,0400	-11,296
2,0600	-11,250
2,0800	-11,165
2,1000	-11,041
2,1200	-10,879
2,1400	-10,681
2,1600	-10,446
2,1800	-10,177
2,2000	-9,874
2,2200	-9,539
2,2400	-9,175
2,2600	-8,784
2,2800	-8,366
2,3000	-7,926
2,3200	-7,463
2,3400	-6,982
2,3600	-6,484
2,3800	-5,972
2,4000	-5,449
2,4200	-4,917
2,4400	-4,378
2,4600	-3,833
2,4800	-3,289
2,5000	-2,747
2,5200	-2,210
2,5400	-1,679
2,5600	-1,159
2,5800	-0,652
2,6000	-0,156
2,6200	0,322
2,6400	0,781
2,6600	1,221
2,6800	1,638
2,7000	2,033
2,7200	2,402
2,7400	2,744
2,7600	3,057
2,7800	3,340
2,8000	3,594
2,8200	3,814
2,8400	4,002
2,8600	4,158
2,8800	4,280
2,9000	4,368
2,9200	4,423
2,9400	4,442
2,9600	4,431
2,9800	4,384
3,0000	4,306
3,0200	4,196
3,0400	4,054
3,0600	3,885
3,0800	3,684
3,1000	3,457
3,1200	3,203
3,1400	2,922
3,1600	2,619
3,1800	2,290
3,2000	1,943
3,2200	1,576
3,2400	1,191
3,2600	0,790
3,2800	0,375
3,3000	-0,052
3,3200	-0,489
3,3400	-0,935
3,3600	-1,385
3,3800	-1,841
3,4000	-2,298
3,4200	-2,754
3,4400	-3,206
3,4600	-3,655
3,4800	-4,095
3,5000	-4,525
3,5200	-4,945
3,5400	-5,349
3,5600	-5,738
3,5800	-6,112
3,6000	-6,465
3,6200	-6,800
3,6400	-7,113
3,6600	-7,403
3,6800	-7,669
3,7000	-7,911
3,7200	-8,124
3,7400	-8,311
3,7600	-8,468
3,7800	-8,597
3,8000	-8,698
3,8200	-8,768
3,8400	-8,807
3,8600	-8,818
3,8800	-8,800
3,9000	-8,752
3,9200	-8,677
3,9400	-8,573
3,9600	-8,443
3,9800	-8,288
4,0000	-8,107
4,0200	-7,903
4,0400	-7,676
4,0600	-7,428
4,0800	-7,161
4,1000	-6,874
4,1200	-6,571
4,1400	-6,252
4,1600	-5,919
4,1800	-5,575
4,2000	-5,220
4,2200	-4,855
4,2400	-4,485
4,2600	-4,108
4,2800	-3,726
4,3000	-3,346
4,3200	-2,966
4,3400	-2,587
4,3600	-2,213
4,3800	-1,846
4,4000	-1,486
4,4200	-1,136
4,4400	-0,796
4,4600	-0,470
4,4800	-0,157
4,5000	0,141
4,5200	0,423
4,5400	0,685
4,5600	0,930
4,5800	1,155
4,6000	1,359
4,6200	1,541
4,6400	1,703
4,6600	1,841
4,6800	1,956
4,7000	2,047
4,7200	2,114
4,7400	2,158
4,7600	2,179
4,7800	2,176
4,8000	2,147
4,8200	2,099
4,8400	2,026
4,8600	1,932
4,8800	1,817
4,9000	1,684
4,9200	1,528
4,9400	1,357
4,9600	1,166
4,9800	0,958
5,0000	0,734
5,0200	0,495
5,0400	0,242
5,0600	-0,022
5,0800	-0,300
5,1000	-0,586
5,1200	-0,881
5,1400	-1,183
5,1600	-1,491
5,1800	-1,803
5,2000	-2,117
5,2200	-2,432
5,2400	-2,747
5,2600	-3,060
5,2800	-3,368
5,3000	-3,671
5,3200	-3,968
5,3400	-4,257
5,3600	-4,535
5,3800	-4,803
5,4000	-5,060
5,4200	-5,303
5,4400	-5,532
5,4600	-5,746
5,4800	-5,944
5,5000	-6,126
5,5200	-6,289
5,5400	-6,437
5,5600	-6,564
5,5800	-6,673
5,6000	-6,761
5,6200	-6,830
5,6400	-6,879
5,6600	-6,907
5,6800	-6,916
5,7000	-6,905
5,7200	-6,874
5,7400	-6,825
5,7600	-6,758
5,7800	-6,671
5,8000	-6,569
5,8200	-6,450
5,8400	-6,315
5,8600	-6,164
5,8800	-5,999
5,9000	-5,821
5,9200	-5,630
5,9400	-5,427
5,9600	-5,213
5,9800	-4,992
6,0000	-4,761
6,0200	-4,522
6,0400	-4,277
6,0600	-4,026
6,0800	-3,773
6,1000	-3,517
6,1200	-3,261
6,1400	-3,003
6,1600	-2,749
6,1800	-2,498
6,2000	-2,248
6,2200	-2,004
6,2400	-1,767
6,2600	-1,536
6,2800	-1,315
6,3000	-1,103
6,3200	-0,902
6,3400	-0,710
6,3600	-0,533
6,3800	-0,366
6,4000	-0,212
6,4200	-0,074
6,4400	0,050
6,4600	0,159
6,4800	0,251
6,5000	0,328
6,5200	0,390
6,5400	0,434
6,5600	0,462
6,5800	0,473
6,6000	0,470
6,6200	0,449
6,6400	0,415
6,6600	0,364
6,6800	0,300
6,7000	0,221
6,7200	0,130
6,7400	0,025
6,7600	-0,091
6,7800	-0,220
6,8000	-0,361
6,8200	-0,512
6,8400	-0,671
6,8600	-0,840
6,8800	-1,018
6,9000	-1,202
6,9200	-1,392
6,9400	-1,587
6,9600	-1,786
6,9800	-1,989
7,0000	-2,193
7,0200	-2,399
7,0400	-2,604
7,0600	-2,810
7,0800	-3,013
7,1000	-3,214
7,1200	-3,410
7,1400	-3,600
7,1600	-3,787
7,1800	-3,966
7,2000	-4,137
7,2200	-4,302
7,2400	-4,456
7,2600	-4,602
7,2800	-4,738
7,3000	-4,862
7,3200	-4,975
7,3400	-5,077
7,3600	-5,166
7,3800	-5,243
7,4000	-5,308
7,4200	-5,360
7,4400	-5,397
7,4600	-5,424
7,4800	-5,437
7,5000	-5,437
7,5200	-5,424
7,5400	-5,399
7,5600	-5,363
7,5800	-5,316
7,6000	-5,256
7,6200	-5,187
7,6400	-5,107
7,6600	-5,019
7,6800	-4,920
7,7000	-4,811
7,7200	-4,695
7,7400	-4,573
7,7600	-4,442
7,7800	-4,304
7,8000	-4,163
7,8200	-4,015
7,8400	-3,863
7,8600	-3,707
7,8800	-3,550
7,9000	-3,390
7,9200	-3,230
7,9400	-3,068
7,9600	-2,908
7,9800	-2,747
8,0000	-2,590
8,0200	-2,436
8,0400	-2,284
8,0600	-2,136
8,0800	-1,995
8,1000	-1,858
8,1200	-1,728
8,1400	-1,604
8,1600	-1,488
8,1800	-1,381
8,2000	-1,280
8,2200	-1,189
8,2400	-1,106
8,2600	-1,034
8,2800	-0,971
8,3000	-0,919
8,3200	-0,875
8,3400	-0,844
8,3600	-0,822
8,3800	-0,811
8,4000	-0,807
8,4200	-0,817
8,4400	-0,834
8,4600	-0,861
8,4800	-0,895
8,5000	-0,939
8,5200	-0,993
8,5400	-1,052
8,5600	-1,120
8,5800	-1,194
8,6000	-1,275
8,6200	-1,363
8,6400	-1,458
8,6600	-1,557
8,6800	-1,660
8,7000	-1,767
8,7200	-1,880
8,7400	-1,995
8,7600	-2,113
8,7800	-2,232
8,8000	-2,353
8,8200	-2,474
8,8400	-2,595
8,8600	-2,717
8,8800	-2,837
8,9000	-2,956
8,9200	-3,072
8,9400	-3,186
8,9600	-3,297
8,9800	-3,404
9,0000	-3,506
9,0200	-3,605
9,0400	-3,698
9,0600	-3,784
9,0800	-3,866
9,1000	-3,941
9,1200	-4,009
9,1400	-4,072
9,1600	-4,126
9,1800	-4,174
9,2000	-4,213
9,2200	-4,246
9,2400	-4,269
9,2600	-4,287
9,2800	-4,295
9,3000	-4,296
9,3200	-4,291
9,3400	-4,279
9,3600	-4,258
9,3800	-4,232
9,4000	-4,200
9,4200	-4,161
9,4400	-4,117
9,4600	-4,068
9,4800	-4,013
9,5000	-3,954
9,5200	-3,889
9,5400	-3,822
9,5600	-3,749
9,5800	-3,674
9,6000	-3,594
9,6200	-3,514
9,6400	-3,431
9,6600	-3,344
9,6800	-3,258
9,7000	-3,171
9,7200	-3,083
9,7400	-2,996
9,7600	-2,908
9,7800	-2,820
9,8000	-2,733
9,8200	-2,650
9,8400	-2,567
9,8600	-2,487
9,8800	-2,408
9,9000	-2,334
9,9200	-2,264
9,9400	-2,196
9,9600	-2,133
9,9800	-2,073
10,0000	-2,020
10,0200	-1,971
10,0400	-1,927
10,0600	-1,888
10,0800	-1,855
10,1000	-1,827
10,1200	-1,805
10,1400	-1,789
10,1600	-1,778
10,1800	-1,773
10,2000	-1,773
10,2200	-1,780
10,2400	-1,791
10,2600	-1,808
10,2800	-1,828
10,3000	-1,852
10,3200	-1,882
10,3400	-1,915
10,3600	-1,953
10,3800	-1,992
10,4000	-2,036
10,4200	-2,081
10,4400	-2,130
10,4600	-2,182
10,4800	-2,235
10,5000	-2,289
10,5200	-2,345
10,5400	-2,403
10,5600	-2,461
10,5800	-2,520
10,6000	-2,579
10,6200	-2,637
10,6400	-2,697
10,6600	-2,755
10,6800	-2,812
10,7000	-2,868
10,7200	-2,923
10,7400	-2,977
10,7600	-3,028
10,7800	-3,077
10,8000	-3,124
10,8200	-3,168
10,8400	-3,211
10,8600	-3,250
10,8800	-3,285
10,9000	-3,318
10,9200	-3,347
10,9400	-3,373
10,9600	-3,394
10,9800	-3,412
11,0000	-3,427
11,0200	-3,438
11,0400	-3,445
11,0600	-3,448
11,0800	-3,448
11,1000	-3,446
11,1200	-3,440
11,1400	-3,431
11,1600	-3,420
11,1800	-3,405
11,2000	-3,390
11,2200	-3,373
11,2400	-3,352
11,2600	-3,330
11,2800	-3,305
11,3000	-3,280
11,3200	-3,253
11,3400	-3,225
11,3600	-3,195
11,3800	-3,164
11,4000	-3,132
11,4200	-3,101
11,4400	-3,068
11,4600	-3,035
11,4800	-3,002
11,5000	-2,967
11,5200	-2,934
11,5400	-2,901
11,5600	-2,868
11,5800	-2,835
11,6000	-2,804
11,6200	-2,772
11,6400	-2,743
11,6600	-2,714
11,6800	-2,686
11,7000	-2,659
11,7200	-2,636
11,7400	-2,612
11,7600	-2,590
11,7800	-2,571
11,8000	-2,554
11,8200	-2,538
11,8400	-2,524
11,8600	-2,513
11,8800	-2,504
11,9000	-2,496
11,9200	-2,491
11,9400	-2,488
11,9600	-2,487
11,9800	-2,487
12,0000	-2,488
12,0200	-2,493
12,0400	-2,498
12,0600	-2,504
12,0800	-2,512
12,1000	-2,521
12,1200	-2,531
12,1400	-2,542
12,1600	-2,554
12,1800	-2,565
12,2000	-2,579
12,2200	-2,592
12,2400	-2,606
12,2600	-2,620
12,2800	-2,634
12,3000	-2,648
12,3200	-2,663
12,3400	-2,675
12,3600	-2,689
12,3800	-2,703
12,4000	-2,716
12,4200	-2,730
12,4400	-2,741
12,4600	-2,754
12,4800	-2,765
12,5000	-2,776
12,5200	-2,785
12,5400	-2,794
12,5600	-2,802
12,5800	-2,810
12,6000	-2,816
12,6200	-2,823
12,6400	-2,827
12,6600	-2,832
12,6800	-2,835
12,7000	-2,838
12,7200	-2,840
12,7400	-2,840
12,7600	-2,840
12,7800	-2,840
12,8000	-2,840
12,8200	-2,840
12,8400	-2,840
12,8600	-2,840
12,8800	-2,840
12,9000	-2,840
12,9200	-2,840
12,9400	-2,840
12,9600	-2,840
12,9800	-2,840
13,0000	-2,840
13,0200	-2,840
13,0400	-2,840
13,0600	-2,840
13,0800	-2,840
13,1000	-2,840
13,1200	-2,840
13,1400	-2,840
13,1600	-2,840
13,1800	-2,840
13,2000	-2,840
13,2200	-2,840
13,2400	-2,840
13,2600	-2,840
13,2800	-2,840
13,3000	-2,840
13,3200	-2,838
13,3400	-2,838
13,3600	-2,838
13,3800	-2,838
13,4000	-2,838
13,4200	-2,838
13,4400	-2,838
13,4600	-2,838
13,4800	-2,838
13,5000	-2,838
13,5200	-2,838
13,5400	-2,838
13,5600	-2,838
13,5800	-2,838
13,6000	-2,838
13,6200	-2,838
13,6400	-2,838
13,6600	-2,838
13,6800	-2,838
13,7000	-2,838
13,7200	-2,838
13,7400	-2,838
