Winkelposition, Messreihe #15
Zeit ( s )	Winkelposition ( rad )
0,0000	3,492
0,0200	3,574
0,0400	3,647
0,0600	3,717
0,0800	3,778
0,1000	3,833
0,1200	3,880
0,1400	3,919
0,1600	3,951
0,1800	3,974
0,2000	3,988
0,2200	3,995
0,2400	3,995
0,2600	3,985
0,2800	3,968
0,3000	3,943
0,3200	3,911
0,3400	3,872
0,3600	3,826
0,3800	3,771
0,4000	3,713
0,4200	3,646
0,4400	3,574
0,4600	3,493
0,4800	3,409
0,5000	3,319
0,5200	3,225
0,5400	3,124
0,5600	3,021
0,5800	2,914
0,6000	2,804
0,6200	2,691
0,6400	2,575
0,6600	2,458
0,6800	2,339
0,7000	2,220
0,7200	2,102
0,7400	1,982
0,7600	1,865
0,7800	1,747
0,8000	1,632
0,8200	1,521
0,8400	1,411
0,8600	1,304
0,8800	1,202
0,9000	1,104
0,9200	1,010
0,9400	0,922
0,9600	0,840
0,9800	0,763
1,0000	0,693
1,0200	0,630
1,0400	0,573
1,0600	0,523
1,0800	0,482
1,1000	0,448
1,1200	0,423
1,1400	0,404
1,1600	0,394
1,1800	0,393
1,2000	0,397
1,2200	0,412
1,2400	0,432
1,2600	0,460
1,2800	0,495
1,3000	0,537
1,3200	0,586
1,3400	0,641
1,3600	0,704
1,3800	0,771
1,4000	0,845
1,4200	0,925
1,4400	1,010
1,4600	1,101
1,4800	1,195
1,5000	1,296
1,5200	1,398
1,5400	1,505
1,5600	1,615
1,5800	1,728
1,6000	1,843
1,6200	1,959
1,6400	2,077
1,6600	2,194
1,6800	2,312
1,7000	2,430
1,7200	2,546
1,7400	2,663
1,7600	2,777
1,7800	2,889
1,8000	2,997
1,8200	3,102
1,8400	3,204
1,8600	3,302
1,8800	3,394
1,9000	3,482
1,9200	3,564
1,9400	3,640
1,9600	3,709
1,9800	3,771
2,0000	3,826
2,0200	3,875
2,0400	3,914
2,0600	3,947
2,0800	3,971
2,1000	3,988
2,1200	3,996
2,1400	3,996
2,1600	3,987
2,1800	3,971
2,2000	3,947
2,2200	3,916
2,2400	3,878
2,2600	3,833
2,2800	3,779
2,3000	3,720
2,3200	3,655
2,3400	3,581
2,3600	3,503
2,3800	3,420
2,4000	3,330
2,4200	3,236
2,4400	3,137
2,4600	3,033
2,4800	2,926
2,5000	2,816
2,5200	2,703
2,5400	2,589
2,5600	2,472
2,5800	2,356
2,6000	2,237
2,6200	2,117
2,6400	2,000
2,6600	1,882
2,6800	1,766
2,7000	1,651
2,7200	1,538
2,7400	1,428
2,7600	1,323
2,7800	1,221
2,8000	1,122
2,8200	1,029
2,8400	0,939
2,8600	0,856
2,8800	0,779
2,9000	0,708
2,9200	0,644
2,9400	0,587
2,9600	0,537
2,9800	0,495
3,0000	0,460
3,0200	0,432
3,0400	0,415
3,0600	0,404
3,0800	0,401
3,1000	0,405
3,1200	0,418
3,1400	0,437
3,1600	0,465
3,1800	0,498
3,2000	0,539
3,2200	0,586
3,2400	0,641
3,2600	0,701
3,2800	0,768
3,3000	0,842
3,3200	0,920
3,3400	1,004
3,3600	1,093
3,3800	1,188
3,4000	1,286
3,4200	1,389
3,4400	1,495
3,4600	1,604
3,4800	1,715
3,5000	1,830
3,5200	1,945
3,5400	2,062
3,5600	2,179
3,5800	2,297
3,6000	2,414
3,6200	2,531
3,6400	2,647
3,6600	2,760
3,6800	2,871
3,7000	2,980
3,7200	3,087
3,7400	3,187
3,7600	3,286
3,7800	3,379
3,8000	3,467
3,8200	3,550
3,8400	3,625
3,8600	3,696
3,8800	3,759
3,9000	3,815
3,9200	3,864
3,9400	3,905
3,9600	3,938
3,9800	3,963
4,0000	3,980
4,0200	3,990
4,0400	3,990
4,0600	3,982
4,0800	3,966
4,1000	3,944
4,1200	3,914
4,1400	3,877
4,1600	3,833
4,1800	3,781
4,2000	3,721
4,2200	3,657
4,2400	3,586
4,2600	3,508
4,2800	3,424
4,3000	3,336
4,3200	3,242
4,3400	3,143
4,3600	3,041
4,3800	2,934
4,4000	2,826
4,4200	2,713
4,4400	2,598
4,4600	2,482
4,4800	2,364
4,5000	2,246
4,5200	2,127
4,5400	2,009
4,5600	1,891
4,5800	1,773
4,6000	1,660
4,6200	1,547
4,6400	1,437
4,6600	1,332
4,6800	1,228
4,7000	1,131
4,7200	1,037
4,7400	0,947
4,7600	0,864
4,7800	0,787
4,8000	0,715
4,8200	0,650
4,8400	0,592
4,8600	0,542
4,8800	0,498
4,9000	0,463
4,9200	0,435
4,9400	0,416
4,9600	0,404
4,9800	0,401
5,0000	0,404
5,0200	0,416
5,0400	0,435
5,0600	0,462
5,0800	0,495
5,1000	0,536
5,1200	0,583
5,1400	0,636
5,1600	0,696
5,1800	0,762
5,2000	0,834
5,2200	0,913
5,2400	0,996
5,2600	1,085
5,2800	1,178
5,3000	1,277
5,3200	1,378
5,3400	1,484
5,3600	1,593
5,3800	1,704
5,4000	1,817
5,4200	1,932
5,4400	2,050
5,4600	2,166
5,4800	2,284
5,5000	2,402
5,5200	2,518
5,5400	2,633
5,5600	2,746
5,5800	2,857
5,6000	2,966
5,6200	3,072
5,6400	3,173
5,6600	3,272
5,6800	3,365
5,7000	3,453
5,7200	3,534
5,7400	3,611
5,7600	3,682
5,7800	3,745
5,8000	3,801
5,8200	3,852
5,8400	3,892
5,8600	3,927
5,8800	3,952
5,9000	3,971
5,9200	3,979
5,9400	3,980
5,9600	3,974
5,9800	3,960
6,0000	3,938
6,0200	3,908
6,0400	3,870
6,0600	3,826
6,0800	3,776
6,1000	3,718
6,1200	3,654
6,1400	3,583
6,1600	3,508
6,1800	3,426
6,2000	3,338
6,2200	3,245
6,2400	3,149
6,2600	3,047
6,2800	2,944
6,3000	2,835
6,3200	2,725
6,3400	2,614
6,3600	2,499
6,3800	2,383
6,4000	2,268
6,4200	2,150
6,4400	2,034
6,4600	1,918
6,4800	1,803
6,5000	1,690
6,5200	1,579
6,5400	1,470
6,5600	1,365
6,5800	1,263
6,6000	1,166
6,6200	1,071
6,6400	0,983
6,6600	0,900
6,6800	0,822
6,7000	0,749
6,7200	0,683
6,7400	0,625
6,7600	0,573
6,7800	0,529
6,8000	0,492
6,8200	0,463
6,8400	0,441
6,8600	0,429
6,8800	0,423
6,9000	0,424
6,9200	0,435
6,9400	0,452
6,9600	0,476
6,9800	0,506
7,0000	0,543
7,0200	0,589
7,0400	0,639
7,0600	0,697
7,0800	0,760
7,1000	0,831
7,1200	0,905
7,1400	0,986
7,1600	1,071
7,1800	1,162
7,2000	1,257
7,2200	1,357
7,2400	1,459
7,2600	1,565
7,2800	1,673
7,3000	1,784
7,3200	1,898
7,3400	2,011
7,3600	2,125
7,3800	2,242
7,4000	2,356
7,4200	2,471
7,4400	2,584
7,4600	2,697
7,4800	2,807
7,5000	2,915
7,5200	3,021
7,5400	3,123
7,5600	3,220
7,5800	3,314
7,6000	3,404
7,6200	3,487
7,6400	3,564
7,6600	3,636
7,6800	3,702
7,7000	3,760
7,7200	3,812
7,7400	3,856
7,7600	3,892
7,7800	3,921
7,8000	3,943
7,8200	3,954
7,8400	3,958
7,8600	3,957
7,8800	3,944
7,9000	3,925
7,9200	3,900
7,9400	3,866
7,9600	3,826
7,9800	3,778
8,0000	3,724
8,0200	3,665
8,0400	3,597
8,0600	3,523
8,0800	3,445
8,1000	3,360
8,1200	3,269
8,1400	3,175
8,1600	3,076
8,1800	2,972
8,2000	2,867
8,2200	2,758
8,2400	2,645
8,2600	2,532
8,2800	2,417
8,3000	2,301
8,3200	2,185
8,3400	2,069
8,3600	1,953
8,3800	1,836
8,4000	1,723
8,4200	1,612
8,4400	1,502
8,4600	1,395
8,4800	1,293
8,5000	1,194
8,5200	1,100
8,5400	1,008
8,5600	0,924
8,5800	0,844
8,6000	0,770
8,6200	0,704
8,6400	0,642
8,6600	0,589
8,6800	0,542
8,7000	0,503
8,7200	0,471
8,7400	0,448
8,7600	0,434
8,7800	0,426
8,8000	0,426
8,8200	0,434
8,8400	0,448
8,8600	0,471
8,8800	0,500
8,9000	0,536
8,9200	0,578
8,9400	0,628
8,9600	0,685
8,9800	0,746
9,0000	0,815
9,0200	0,891
9,0400	0,969
9,0600	1,056
9,0800	1,145
9,1000	1,239
9,1200	1,338
9,1400	1,440
9,1600	1,547
9,1800	1,657
9,2000	1,767
9,2200	1,882
9,2400	1,996
9,2600	2,113
9,2800	2,229
9,3000	2,345
9,3200	2,461
9,3400	2,576
9,3600	2,689
9,3800	2,802
9,4000	2,911
9,4200	3,018
9,4400	3,121
9,4600	3,220
9,4800	3,314
9,5000	3,405
9,5200	3,489
9,5400	3,569
9,5600	3,641
9,5800	3,707
9,6000	3,767
9,6200	3,819
9,6400	3,864
9,6600	3,902
9,6800	3,930
9,7000	3,952
9,7200	3,965
9,7400	3,969
9,7600	3,966
9,7800	3,955
9,8000	3,936
9,8200	3,911
9,8400	3,877
9,8600	3,837
9,8800	3,789
9,9000	3,734
9,9200	3,674
9,9400	3,607
9,9600	3,533
9,9800	3,453
10,0000	3,368
10,0200	3,277
10,0400	3,182
10,0600	3,083
10,0800	2,980
10,1000	2,873
10,1200	2,765
10,1400	2,652
10,1600	2,538
10,1800	2,424
10,2000	2,308
10,2200	2,190
10,2400	2,073
10,2600	1,957
10,2800	1,843
10,3000	1,728
10,3200	1,616
10,3400	1,506
10,3600	1,400
10,3800	1,296
10,4000	1,197
10,4200	1,101
10,4400	1,012
10,4600	0,925
10,4800	0,845
10,5000	0,771
10,5200	0,704
10,5400	0,642
10,5600	0,589
10,5800	0,542
10,6000	0,503
10,6200	0,470
10,6400	0,446
10,6600	0,430
10,6800	0,423
10,7000	0,421
10,7200	0,429
10,7400	0,443
10,7600	0,465
10,7800	0,495
10,8000	0,529
10,8200	0,572
10,8400	0,622
10,8600	0,677
10,8800	0,738
10,9000	0,807
10,9200	0,881
10,9400	0,960
10,9600	1,045
10,9800	1,134
11,0000	1,228
11,0200	1,327
11,0400	1,428
11,0600	1,535
11,0800	1,641
11,1000	1,753
11,1200	1,866
11,1400	1,979
11,1600	2,094
11,1800	2,210
11,2000	2,326
11,2200	2,441
11,2400	2,556
11,2600	2,669
11,2800	2,780
11,3000	2,889
11,3200	2,996
11,3400	3,098
11,3600	3,197
11,3800	3,292
11,4000	3,382
11,4200	3,468
11,4400	3,547
11,4600	3,621
11,4800	3,688
11,5000	3,749
11,5200	3,803
11,5400	3,848
11,5600	3,886
11,5800	3,918
11,6000	3,940
11,6200	3,954
11,6400	3,960
11,6600	3,960
11,6800	3,951
11,7000	3,933
11,7200	3,908
11,7400	3,877
11,7600	3,837
11,7800	3,790
11,8000	3,738
11,8200	3,679
11,8400	3,613
11,8600	3,541
11,8800	3,462
11,9000	3,379
11,9200	3,289
11,9400	3,195
11,9600	3,098
11,9800	2,996
12,0000	2,890
12,0200	2,783
12,0400	2,672
12,0600	2,559
12,0800	2,446
12,1000	2,329
12,1200	2,213
12,1400	2,097
12,1600	1,981
12,1800	1,866
12,2000	1,753
12,2200	1,641
12,2400	1,532
12,2600	1,425
12,2800	1,321
12,3000	1,221
12,3200	1,125
12,3400	1,034
12,3600	0,947
12,3800	0,867
12,4000	0,792
12,4200	0,723
12,4400	0,660
12,4600	0,605
12,4800	0,556
12,5000	0,515
12,5200	0,482
12,5400	0,456
12,5600	0,438
12,5800	0,429
12,6000	0,427
12,6200	0,432
12,6400	0,445
12,6600	0,465
12,6800	0,492
12,7000	0,526
12,7200	0,567
12,7400	0,614
12,7600	0,668
12,7800	0,729
12,8000	0,795
12,8200	0,867
12,8400	0,946
12,8600	1,029
12,8800	1,117
12,9000	1,210
12,9200	1,307
12,9400	1,407
12,9600	1,513
12,9800	1,619
13,0000	1,729
13,0200	1,841
13,0400	1,956
13,0600	2,070
13,0800	2,185
13,1000	2,301
13,1200	2,417
13,1400	2,532
13,1600	2,645
13,1800	2,757
13,2000	2,865
13,2200	2,972
13,2400	3,076
13,2600	3,175
13,2800	3,272
13,3000	3,363
13,3200	3,449
13,3400	3,530
13,3600	3,605
13,3800	3,673
13,4000	3,734
13,4200	3,789
13,4400	3,837
13,4600	3,877
13,4800	3,908
13,5000	3,933
13,5200	3,949
13,5400	3,957
13,5600	3,957
13,5800	3,949
13,6000	3,933
13,6200	3,910
13,6400	3,878
13,6600	3,841
13,6800	3,797
13,7000	3,745
13,7200	3,687
13,7400	3,622
13,7600	3,552
13,7800	3,476
13,8000	3,394
13,8200	3,307
13,8400	3,214
13,8600	3,118
13,8800	3,018
13,9000	2,914
13,9200	2,807
13,9400	2,697
13,9600	2,587
13,9800	2,474
14,0000	2,359
14,0200	2,245
14,0400	2,130
14,0600	2,015
14,0800	1,901
14,1000	1,788
14,1200	1,676
14,1400	1,566
14,1600	1,459
14,1800	1,357
14,2000	1,257
14,2200	1,161
14,2400	1,070
14,2600	0,983
14,2800	0,902
14,3000	0,825
14,3200	0,756
14,3400	0,691
14,3600	0,635
14,3800	0,586
14,4000	0,542
14,4200	0,507
14,4400	0,479
14,4600	0,460
14,4800	0,448
14,5000	0,445
14,5200	0,448
14,5400	0,459
14,5600	0,478
14,5800	0,503
14,6000	0,534
14,6200	0,572
14,6400	0,617
14,6600	0,668
14,6800	0,726
14,7000	0,790
14,7200	0,861
14,7400	0,935
14,7600	1,016
14,7800	1,101
14,8000	1,192
14,8200	1,286
14,8400	1,385
14,8600	1,488
14,8800	1,593
14,9000	1,701
14,9200	1,811
14,9400	1,923
14,9600	2,036
14,9800	2,149
15,0000	2,264
15,0200	2,378
15,0400	2,491
15,0600	2,604
15,0800	2,714
15,1000	2,823
15,1200	2,931
15,1400	3,035
15,1600	3,134
15,1800	3,231
15,2000	3,322
15,2200	3,410
15,2400	3,492
15,2600	3,567
15,2800	3,638
15,3000	3,701
15,3200	3,757
15,3400	3,808
15,3600	3,850
15,3800	3,883
15,4000	3,910
15,4200	3,929
15,4400	3,940
15,4600	3,943
15,4800	3,938
15,5000	3,924
15,5200	3,905
15,5400	3,877
15,5600	3,842
15,5800	3,800
15,6000	3,751
15,6200	3,696
15,6400	3,633
15,6600	3,564
15,6800	3,490
15,7000	3,410
15,7200	3,324
15,7400	3,234
15,7600	3,138
15,7800	3,039
15,8000	2,936
15,8200	2,831
15,8400	2,722
15,8600	2,611
15,8800	2,498
15,9000	2,383
15,9200	2,268
15,9400	2,152
15,9600	2,037
15,9800	1,921
16,0000	1,808
16,0200	1,695
16,0400	1,585
16,0600	1,477
16,0800	1,373
16,1000	1,271
16,1200	1,173
16,1400	1,081
16,1600	0,993
16,1800	0,909
16,2000	0,833
16,2200	0,760
16,2400	0,696
16,2600	0,636
16,2800	0,586
16,3000	0,540
16,3200	0,504
16,3400	0,474
16,3600	0,454
16,3800	0,440
16,4000	0,435
16,4200	0,437
16,4400	0,446
16,4600	0,463
16,4800	0,489
16,5000	0,518
16,5200	0,558
16,5400	0,602
16,5600	0,653
16,5800	0,710
16,6000	0,774
16,6200	0,845
16,6400	0,920
16,6600	1,002
16,6800	1,089
16,7000	1,180
16,7200	1,275
16,7400	1,376
16,7600	1,478
16,7800	1,585
16,8000	1,695
16,8200	1,806
16,8400	1,921
16,8600	2,036
16,8800	2,152
16,9000	2,268
16,9200	2,384
16,9400	2,501
16,9600	2,615
16,9800	2,728
17,0000	2,838
17,0200	2,947
17,0400	3,052
17,0600	3,154
17,0800	3,252
17,1000	3,344
17,1200	3,434
17,1400	3,515
17,1600	3,592
17,1800	3,663
17,2000	3,728
17,2200	3,786
17,2400	3,836
17,2600	3,878
17,2800	3,913
17,3000	3,940
17,3200	3,958
17,3400	3,969
17,3600	3,973
17,3800	3,968
17,4000	3,954
17,4200	3,933
17,4400	3,905
17,4600	3,870
17,4800	3,826
17,5000	3,778
17,5200	3,721
17,5400	3,658
17,5600	3,589
17,5800	3,512
17,6000	3,432
17,6200	3,346
17,6400	3,255
17,6600	3,157
17,6800	3,057
17,7000	2,953
17,7200	2,846
17,7400	2,735
17,7600	2,622
17,7800	2,509
17,8000	2,392
17,8200	2,276
17,8400	2,158
17,8600	2,042
17,8800	1,926
17,9000	1,810
17,9200	1,696
17,9400	1,585
17,9600	1,475
17,9800	1,370
18,0000	1,266
18,0200	1,169
18,0400	1,074
18,0600	0,983
18,0800	0,900
18,1000	0,822
18,1200	0,748
18,1400	0,682
18,1600	0,622
18,1800	0,570
18,2000	0,525
18,2200	0,487
18,2400	0,457
18,2600	0,435
18,2800	0,423
18,3000	0,416
18,3200	0,418
18,3400	0,427
18,3600	0,445
18,3800	0,468
18,4000	0,500
18,4200	0,537
18,4400	0,583
18,4600	0,635
18,4800	0,691
18,5000	0,756
18,5200	0,826
18,5400	0,903
18,5600	0,985
18,5800	1,071
18,6000	1,162
18,6200	1,258
18,6400	1,359
18,6600	1,462
18,6800	1,569
18,7000	1,679
18,7200	1,791
18,7400	1,904
18,7600	2,020
18,7800	2,136
18,8000	2,253
18,8200	2,369
18,8400	2,485
18,8600	2,600
18,8800	2,713
18,9000	2,823
18,9200	2,933
18,9400	3,038
18,9600	3,140
18,9800	3,239
19,0000	3,332
19,0200	3,421
19,0400	3,506
19,0600	3,583
19,0800	3,655
19,1000	3,720
19,1200	3,778
19,1400	3,828
19,1600	3,872
19,1800	3,908
19,2000	3,935
19,2200	3,955
19,2400	3,966
19,2600	3,971
19,2800	3,966
19,3000	3,954
19,3200	3,933
19,3400	3,907
19,3600	3,870
19,3800	3,828
19,4000	3,779
19,4200	3,724
19,4400	3,662
19,4600	3,592
19,4800	3,517
19,5000	3,437
19,5200	3,349
19,5400	3,258
19,5600	3,162
19,5800	3,061
19,6000	2,958
19,6200	2,851
19,6400	2,741
19,6600	2,628
19,6800	2,515
19,7000	2,399
19,7200	2,282
19,7400	2,165
19,7600	2,048
19,7800	1,932
19,8000	1,817
19,8200	1,703
19,8400	1,591
19,8600	1,483
19,8800	1,376
19,9000	1,272
19,9200	1,175
19,9400	1,079
19,9600	0,990
19,9800	0,905
20,0000	0,826
20,0200	0,754
20,0400	0,686
20,0600	0,627
20,0800	0,575
20,1000	0,529
20,1200	0,490
20,1400	0,460
20,1600	0,438
20,1800	0,424
20,2000	0,418
20,2200	0,419
20,2400	0,429
20,2600	0,445
20,2800	0,468
20,3000	0,498
20,3200	0,536
20,3400	0,580
20,3600	0,631
20,3800	0,690
20,4000	0,752
20,4200	0,823
20,4400	0,898
20,4600	0,979
20,4800	1,065
20,5000	1,156
20,5200	1,252
