Winkelposition, Messreihe #18
Zeit ( s )	Winkelposition ( rad )
0,0000	2,036
0,0200	1,957
0,0400	1,877
0,0600	1,795
0,0800	1,714
0,1000	1,630
0,1200	1,549
0,1400	1,466
0,1600	1,384
0,1800	1,304
0,2000	1,222
0,2200	1,144
0,2400	1,068
0,2600	0,993
0,2800	0,920
0,3000	0,851
0,3200	0,784
0,3400	0,719
0,3600	0,658
0,3800	0,602
0,4000	0,548
0,4200	0,500
0,4400	0,454
0,4600	0,415
0,4800	0,379
0,5000	0,349
0,5200	0,322
0,5400	0,302
0,5600	0,286
0,5800	0,276
0,6000	0,272
0,6200	0,272
0,6400	0,276
0,6600	0,286
0,6800	0,300
0,7000	0,319
0,7200	0,342
0,7400	0,369
0,7600	0,401
0,7800	0,435
0,8000	0,476
0,8200	0,518
0,8400	0,565
0,8600	0,617
0,8800	0,671
0,9000	0,730
0,9200	0,790
0,9400	0,856
0,9600	0,922
0,9800	0,993
1,0000	1,065
1,0200	1,139
1,0400	1,216
1,0600	1,294
1,0800	1,373
1,1000	1,455
1,1200	1,536
1,1400	1,618
1,1600	1,700
1,1800	1,783
1,2000	1,863
1,2200	1,945
1,2400	2,025
1,2600	2,103
1,2800	2,179
1,3000	2,254
1,3200	2,328
1,3400	2,399
1,3600	2,466
1,3800	2,532
1,4000	2,593
1,4200	2,653
1,4400	2,708
1,4600	2,758
1,4800	2,805
1,5000	2,848
1,5200	2,886
1,5400	2,919
1,5600	2,945
1,5800	2,969
1,6000	2,986
1,6200	2,997
1,6400	3,003
1,6600	3,005
1,6800	3,002
1,7000	2,992
1,7200	2,978
1,7400	2,959
1,7600	2,936
1,7800	2,908
1,8000	2,875
1,8200	2,838
1,8400	2,798
1,8600	2,752
1,8800	2,705
1,9000	2,652
1,9200	2,595
1,9400	2,535
1,9600	2,472
1,9800	2,406
2,0000	2,339
2,0200	2,267
2,0400	2,193
2,0600	2,117
2,0800	2,040
2,1000	1,962
2,1200	1,880
2,1400	1,800
2,1600	1,718
2,1800	1,635
2,2000	1,552
2,2200	1,470
2,2400	1,389
2,2600	1,307
2,2800	1,227
2,3000	1,148
2,3200	1,071
2,3400	0,997
2,3600	0,925
2,3800	0,855
2,4000	0,787
2,4200	0,724
2,4400	0,663
2,4600	0,606
2,4800	0,553
2,5000	0,503
2,5200	0,457
2,5400	0,418
2,5600	0,382
2,5800	0,350
2,6000	0,325
2,6200	0,305
2,6400	0,289
2,6600	0,278
2,6800	0,273
2,7000	0,273
2,7200	0,278
2,7400	0,287
2,7600	0,302
2,7800	0,320
2,8000	0,344
2,8200	0,371
2,8400	0,402
2,8600	0,437
2,8800	0,476
2,9000	0,520
2,9200	0,567
2,9400	0,619
2,9600	0,672
2,9800	0,730
3,0000	0,792
3,0200	0,856
3,0400	0,924
3,0600	0,993
3,0800	1,065
3,1000	1,140
3,1200	1,216
3,1400	1,294
3,1600	1,373
3,1800	1,453
3,2000	1,535
3,2200	1,616
3,2400	1,698
3,2600	1,781
3,2800	1,861
3,3000	1,942
3,3200	2,020
3,3400	2,099
3,3600	2,174
3,3800	2,248
3,4000	2,322
3,4200	2,391
3,4400	2,458
3,4600	2,523
3,4800	2,584
3,5000	2,642
3,5200	2,697
3,5400	2,746
3,5600	2,793
3,5800	2,834
3,6000	2,871
3,6200	2,904
3,6400	2,933
3,6600	2,955
3,6800	2,972
3,7000	2,983
3,7200	2,989
3,7400	2,991
3,7600	2,988
3,7800	2,978
3,8000	2,964
3,8200	2,945
3,8400	2,922
3,8600	2,895
3,8800	2,864
3,9000	2,827
3,9200	2,787
3,9400	2,743
3,9600	2,695
3,9800	2,644
4,0000	2,587
4,0200	2,531
4,0400	2,468
4,0600	2,403
4,0800	2,336
4,1000	2,267
4,1200	2,194
4,1400	2,121
4,1600	2,045
4,1800	1,967
4,2000	1,890
4,2200	1,810
4,2400	1,729
4,2600	1,648
4,2800	1,568
4,3000	1,488
4,3200	1,407
4,3400	1,327
4,3600	1,249
4,3800	1,172
4,4000	1,096
4,4200	1,021
4,4400	0,950
4,4600	0,881
4,4800	0,815
4,5000	0,751
4,5200	0,691
4,5400	0,633
4,5600	0,581
4,5800	0,531
4,6000	0,485
4,6200	0,445
4,6400	0,408
4,6600	0,377
4,6800	0,350
4,7000	0,330
4,7200	0,313
4,7400	0,302
4,7600	0,295
4,7800	0,294
4,8000	0,298
4,8200	0,306
4,8400	0,319
4,8600	0,336
4,8800	0,357
4,9000	0,383
4,9200	0,413
4,9400	0,446
4,9600	0,484
4,9800	0,526
5,0000	0,572
5,0200	0,620
5,0400	0,674
5,0600	0,729
5,0800	0,789
5,1000	0,851
5,1200	0,916
5,1400	0,983
5,1600	1,052
5,1800	1,125
5,2000	1,199
5,2200	1,275
5,2400	1,352
5,2600	1,431
5,2800	1,511
5,3000	1,590
5,3200	1,671
5,3400	1,751
5,3600	1,832
5,3800	1,912
5,4000	1,990
5,4200	2,067
5,4400	2,144
5,4600	2,220
5,4800	2,292
5,5000	2,362
5,5200	2,430
5,5400	2,496
5,5600	2,559
5,5800	2,619
5,6000	2,673
5,6200	2,725
5,6400	2,772
5,6600	2,816
5,6800	2,856
5,7000	2,890
5,7200	2,920
5,7400	2,944
5,7600	2,963
5,7800	2,977
5,8000	2,986
5,8200	2,988
5,8400	2,988
5,8600	2,980
5,8800	2,967
5,9000	2,950
5,9200	2,930
5,9400	2,903
5,9600	2,873
5,9800	2,838
6,0000	2,799
6,0200	2,755
6,0400	2,710
6,0600	2,658
6,0800	2,603
6,1000	2,545
6,1200	2,483
6,1400	2,419
6,1600	2,351
6,1800	2,281
6,2000	2,209
6,2200	2,133
6,2400	2,056
6,2600	1,978
6,2800	1,898
6,3000	1,816
6,3200	1,734
6,3400	1,651
6,3600	1,568
6,3800	1,486
6,4000	1,403
6,4200	1,321
6,4400	1,241
6,4600	1,161
6,4800	1,084
6,5000	1,008
6,5200	0,935
6,5400	0,866
6,5600	0,796
6,5800	0,732
6,6000	0,671
6,6200	0,613
6,6400	0,558
6,6600	0,507
6,6800	0,462
6,7000	0,421
6,7200	0,383
6,7400	0,352
6,7600	0,325
6,7800	0,303
6,8000	0,286
6,8200	0,275
6,8400	0,269
6,8600	0,269
6,8800	0,272
6,9000	0,281
6,9200	0,294
6,9400	0,311
6,9600	0,333
6,9800	0,360
7,0000	0,391
7,0200	0,426
7,0400	0,463
7,0600	0,507
7,0800	0,554
7,1000	0,605
7,1200	0,658
7,1400	0,716
7,1600	0,778
7,1800	0,842
7,2000	0,908
7,2200	0,979
7,2400	1,051
7,2600	1,125
7,2800	1,202
7,3000	1,279
7,3200	1,359
7,3400	1,440
7,3600	1,522
7,3800	1,604
7,4000	1,687
7,4200	1,769
7,4400	1,850
7,4600	1,932
7,4800	2,012
7,5000	2,091
7,5200	2,168
7,5400	2,243
7,5600	2,317
7,5800	2,389
7,6000	2,457
7,6200	2,523
7,6400	2,586
7,6600	2,644
7,6800	2,700
7,7000	2,750
7,7200	2,798
7,7400	2,840
7,7600	2,878
7,7800	2,911
7,8000	2,939
7,8200	2,961
7,8400	2,978
7,8600	2,991
7,8800	2,997
7,9000	2,999
7,9200	2,996
7,9400	2,986
7,9600	2,972
7,9800	2,953
8,0000	2,931
8,0200	2,903
8,0400	2,871
8,0600	2,835
8,0800	2,794
8,1000	2,750
8,1200	2,702
8,1400	2,650
8,1600	2,595
8,1800	2,537
8,2000	2,476
8,2200	2,410
8,2400	2,344
8,2600	2,273
8,2800	2,201
8,3000	2,127
8,3200	2,050
8,3400	1,973
8,3600	1,894
8,3800	1,814
8,4000	1,733
8,4200	1,651
8,4400	1,571
8,4600	1,489
8,4800	1,409
8,5000	1,329
8,5200	1,250
8,5400	1,172
8,5600	1,096
8,5800	1,023
8,6000	0,950
8,6200	0,881
8,6400	0,814
8,6600	0,751
8,6800	0,690
8,7000	0,633
8,7200	0,580
8,7400	0,529
8,7600	0,484
8,7800	0,443
8,8000	0,405
8,8200	0,374
8,8400	0,347
8,8600	0,325
8,8800	0,309
8,9000	0,298
8,9200	0,292
8,9400	0,291
8,9600	0,294
8,9800	0,302
9,0000	0,316
9,0200	0,331
9,0400	0,353
9,0600	0,380
9,0800	0,410
9,1000	0,443
9,1200	0,482
9,1400	0,523
9,1600	0,569
9,1800	0,619
9,2000	0,672
9,2200	0,729
9,2400	0,789
9,2600	0,851
9,2800	0,917
9,3000	0,986
9,3200	1,057
9,3400	1,129
9,3600	1,205
9,3800	1,283
9,4000	1,360
9,4200	1,440
9,4400	1,521
9,4600	1,602
9,4800	1,684
9,5000	1,766
9,5200	1,846
9,5400	1,926
9,5600	2,004
9,5800	2,083
9,6000	2,158
9,6200	2,234
9,6400	2,306
9,6600	2,375
9,6800	2,443
9,7000	2,507
9,7200	2,568
9,7400	2,626
9,7600	2,681
9,7800	2,732
9,8000	2,779
9,8200	2,821
9,8400	2,859
9,8600	2,893
9,8800	2,920
9,9000	2,944
9,9200	2,961
9,9400	2,974
9,9600	2,981
9,9800	2,983
10,0000	2,980
10,0200	2,970
10,0400	2,958
10,0600	2,939
10,0800	2,917
10,1000	2,890
10,1200	2,859
10,1400	2,823
10,1600	2,783
10,1800	2,739
10,2000	2,692
10,2200	2,642
10,2400	2,587
10,2600	2,529
10,2800	2,468
10,3000	2,403
10,3200	2,337
10,3400	2,268
10,3600	2,196
10,3800	2,122
10,4000	2,047
10,4200	1,971
10,4400	1,893
10,4600	1,814
10,4800	1,734
10,5000	1,654
10,5200	1,574
10,5400	1,494
10,5600	1,414
10,5800	1,335
10,6000	1,257
10,6200	1,178
10,6400	1,103
10,6600	1,030
10,6800	0,958
10,7000	0,889
10,7200	0,823
10,7400	0,759
10,7600	0,699
10,7800	0,641
10,8000	0,587
10,8200	0,539
10,8400	0,493
10,8600	0,452
10,8800	0,416
10,9000	0,383
10,9200	0,357
10,9400	0,335
10,9600	0,317
10,9800	0,306
11,0000	0,300
11,0200	0,298
11,0400	0,300
11,0600	0,309
11,0800	0,322
11,1000	0,338
11,1200	0,360
11,1400	0,385
11,1600	0,413
11,1800	0,448
11,2000	0,485
11,2200	0,526
11,2400	0,572
11,2600	0,622
11,2800	0,674
11,3000	0,730
11,3200	0,790
11,3400	0,853
11,3600	0,917
11,3800	0,986
11,4000	1,057
11,4200	1,129
11,4400	1,205
11,4600	1,282
11,4800	1,359
11,5000	1,439
11,5200	1,519
11,5400	1,601
11,5600	1,682
11,5800	1,764
11,6000	1,844
11,6200	1,924
11,6400	2,003
11,6600	2,081
11,6800	2,157
11,7000	2,232
11,7200	2,304
11,7400	2,375
11,7600	2,443
11,7800	2,509
11,8000	2,570
11,8200	2,628
11,8400	2,683
11,8600	2,735
11,8800	2,782
11,9000	2,824
11,9200	2,862
11,9400	2,895
11,9600	2,925
11,9800	2,947
12,0000	2,966
12,0200	2,978
12,0400	2,985
12,0600	2,988
12,0800	2,985
12,1000	2,975
12,1200	2,963
12,1400	2,944
12,1600	2,920
12,1800	2,893
12,2000	2,862
12,2200	2,826
12,2400	2,787
12,2600	2,743
12,2800	2,695
12,3000	2,645
12,3200	2,590
12,3400	2,532
12,3600	2,471
12,3800	2,406
12,4000	2,340
12,4200	2,270
12,4400	2,199
12,4600	2,125
12,4800	2,050
12,5000	1,973
12,5200	1,896
12,5400	1,816
12,5600	1,737
12,5800	1,656
12,6000	1,576
12,6200	1,495
12,6400	1,415
12,6600	1,335
12,6800	1,258
12,7000	1,180
12,7200	1,104
12,7400	1,030
12,7600	0,958
12,7800	0,889
12,8000	0,823
12,8200	0,759
12,8400	0,699
12,8600	0,642
12,8800	0,589
12,9000	0,539
12,9200	0,493
12,9400	0,452
12,9600	0,415
12,9800	0,383
13,0000	0,357
13,0200	0,335
13,0400	0,317
13,0600	0,306
13,0800	0,300
13,1000	0,298
13,1200	0,302
13,1400	0,309
13,1600	0,322
13,1800	0,339
13,2000	0,360
13,2200	0,385
13,2400	0,415
13,2600	0,448
13,2800	0,485
13,3000	0,528
13,3200	0,573
13,3400	0,622
13,3600	0,675
13,3800	0,730
13,4000	0,790
13,4200	0,853
13,4400	0,919
13,4600	0,986
13,4800	1,057
13,5000	1,129
13,5200	1,205
13,5400	1,280
13,5600	1,359
13,5800	1,437
13,6000	1,519
13,6200	1,599
13,6400	1,681
13,6600	1,762
13,6800	1,843
13,7000	1,923
13,7200	2,003
13,7400	2,080
13,7600	2,157
13,7800	2,231
13,8000	2,304
13,8200	2,373
13,8400	2,443
13,8600	2,507
13,8800	2,570
13,9000	2,628
13,9200	2,683
13,9400	2,735
13,9600	2,782
13,9800	2,824
14,0000	2,864
14,0200	2,897
14,0400	2,925
14,0600	2,948
14,0800	2,967
14,1000	2,980
14,1200	2,986
14,1400	2,988
14,1600	2,985
14,1800	2,977
14,2000	2,963
14,2200	2,945
14,2400	2,922
14,2600	2,895
14,2800	2,864
14,3000	2,827
14,3200	2,788
14,3400	2,744
14,3600	2,697
14,3800	2,645
14,4000	2,590
14,4200	2,532
14,4400	2,469
14,4600	2,405
14,4800	2,339
14,5000	2,268
14,5200	2,196
14,5400	2,122
14,5600	2,047
14,5800	1,970
14,6000	1,890
14,6200	1,811
14,6400	1,731
14,6600	1,649
14,6800	1,569
14,7000	1,489
14,7200	1,409
14,7400	1,329
14,7600	1,250
14,7800	1,173
14,8000	1,098
14,8200	1,023
14,8400	0,952
14,8600	0,883
14,8800	0,815
14,9000	0,752
14,9200	0,691
14,9400	0,635
14,9600	0,581
14,9800	0,533
15,0000	0,487
15,0200	0,446
15,0400	0,410
15,0600	0,379
15,0800	0,352
15,1000	0,330
15,1200	0,314
15,1400	0,302
15,1600	0,297
15,1800	0,295
15,2000	0,298
15,2200	0,306
15,2400	0,319
15,2600	0,336
15,2800	0,358
15,3000	0,383
15,3200	0,413
15,3400	0,448
15,3600	0,485
15,3800	0,526
15,4000	0,573
15,4200	0,622
15,4400	0,675
15,4600	0,732
15,4800	0,790
15,5000	0,853
15,5200	0,919
15,5400	0,986
15,5600	1,057
15,5800	1,129
15,6000	1,205
15,6200	1,282
15,6400	1,359
15,6600	1,437
15,6800	1,519
15,7000	1,599
15,7200	1,681
15,7400	1,761
15,7600	1,843
15,7800	1,921
15,8000	2,001
15,8200	2,078
15,8400	2,154
15,8600	2,229
15,8800	2,301
15,9000	2,372
15,9200	2,439
15,9400	2,504
15,9600	2,567
15,9800	2,625
16,0000	2,680
16,0200	2,732
16,0400	2,777
16,0600	2,821
16,0800	2,859
16,1000	2,892
16,1200	2,920
16,1400	2,944
16,1600	2,961
16,1800	2,975
16,2000	2,981
16,2200	2,983
16,2400	2,981
16,2600	2,974
16,2800	2,959
16,3000	2,942
16,3200	2,920
16,3400	2,893
16,3600	2,864
16,3800	2,827
16,4000	2,788
16,4200	2,746
16,4400	2,699
16,4600	2,648
16,4800	2,593
16,5000	2,535
16,5200	2,476
16,5400	2,411
16,5600	2,344
16,5800	2,275
16,6000	2,202
16,6200	2,128
16,6400	2,053
16,6600	1,976
16,6800	1,898
16,7000	1,817
16,7200	1,737
16,7400	1,654
16,7600	1,574
16,7800	1,492
16,8000	1,411
16,8200	1,330
16,8400	1,252
16,8600	1,173
16,8800	1,096
16,9000	1,023
16,9200	0,949
16,9400	0,880
16,9600	0,812
16,9800	0,748
17,0000	0,688
17,0200	0,630
17,0400	0,576
17,0600	0,526
17,0800	0,481
17,1000	0,440
17,1200	0,402
17,1400	0,371
17,1600	0,344
17,1800	0,322
17,2000	0,305
17,2200	0,294
17,2400	0,287
17,2600	0,286
17,2800	0,289
17,3000	0,298
17,3200	0,311
17,3400	0,328
17,3600	0,349
17,3800	0,375
17,4000	0,405
17,4200	0,438
17,4400	0,476
17,4600	0,518
17,4800	0,564
17,5000	0,614
17,5200	0,668
17,5400	0,724
17,5600	0,784
17,5800	0,847
17,6000	0,913
17,6200	0,982
17,6400	1,052
17,6600	1,126
17,6800	1,202
17,7000	1,279
17,7200	1,357
17,7400	1,436
17,7600	1,517
17,7800	1,599
17,8000	1,681
17,8200	1,762
17,8400	1,844
17,8600	1,924
17,8800	2,003
17,9000	2,081
17,9200	2,158
17,9400	2,232
17,9600	2,306
17,9800	2,377
18,0000	2,444
18,0200	2,510
18,0400	2,573
18,0600	2,631
18,0800	2,686
18,1000	2,738
18,1200	2,785
18,1400	2,829
18,1600	2,867
18,1800	2,900
18,2000	2,928
18,2200	2,952
18,2400	2,970
18,2600	2,983
18,2800	2,991
18,3000	2,992
18,3200	2,989
18,3400	2,981
18,3600	2,967
18,3800	2,950
18,4000	2,926
18,4200	2,900
18,4400	2,868
18,4600	2,834
18,4800	2,793
18,5000	2,750
18,5200	2,702
18,5400	2,652
18,5600	2,597
18,5800	2,538
18,6000	2,477
18,6200	2,413
18,6400	2,345
18,6600	2,276
18,6800	2,204
18,7000	2,130
18,7200	2,053
18,7400	1,976
18,7600	1,898
18,7800	1,819
18,8000	1,739
18,8200	1,657
18,8400	1,576
18,8600	1,495
18,8800	1,415
18,9000	1,335
18,9200	1,257
18,9400	1,178
18,9600	1,103
18,9800	1,029
19,0000	0,957
19,0200	0,886
19,0400	0,820
19,0600	0,756
19,0800	0,694
19,1000	0,638
19,1200	0,583
19,1400	0,534
19,1600	0,489
19,1800	0,448
19,2000	0,410
19,2200	0,379
19,2400	0,352
19,2600	0,330
19,2800	0,313
19,3000	0,300
19,3200	0,294
19,3400	0,292
19,3600	0,295
19,3800	0,303
19,4000	0,316
19,4200	0,333
19,4400	0,355
19,4600	0,380
19,4800	0,410
19,5000	0,443
19,5200	0,481
19,5400	0,523
19,5600	0,569
19,5800	0,617
19,6000	0,671
19,6200	0,727
19,6400	0,787
19,6600	0,850
19,6800	0,914
19,7000	0,983
19,7200	1,054
19,7400	1,126
19,7600	1,202
19,7800	1,277
19,8000	1,356
19,8200	1,436
19,8400	1,516
19,8600	1,596
19,8800	1,678
19,9000	1,759
19,9200	1,841
19,9400	1,921
19,9600	2,001
19,9800	2,078
20,0000	2,155
20,0200	2,231
20,0400	2,303
20,0600	2,375
20,0800	2,443
20,1000	2,509
20,1200	2,571
20,1400	2,630
