Winkelposition, Messreihe #20
Zeit ( s )	Winkelposition ( rad )
0,0000	2,490
0,0200	2,507
0,0400	2,523
0,0600	2,535
0,0800	2,543
0,1000	2,548
0,1200	2,549
0,1400	2,549
0,1600	2,545
0,1800	2,538
0,2000	2,529
0,2200	2,518
0,2400	2,504
0,2600	2,487
0,2800	2,468
0,3000	2,447
0,3200	2,424
0,3400	2,399
0,3600	2,370
0,3800	2,340
0,4000	2,308
0,4200	2,275
0,4400	2,238
0,4600	2,199
0,4800	2,160
0,5000	2,117
0,5200	2,073
0,5400	2,029
0,5600	1,982
0,5800	1,934
0,6000	1,885
0,6200	1,835
0,6400	1,783
0,6600	1,731
0,6800	1,678
0,7000	1,624
0,7200	1,569
0,7400	1,514
0,7600	1,461
0,7800	1,406
0,8000	1,351
0,8200	1,297
0,8400	1,244
0,8600	1,191
0,8800	1,139
0,9000	1,089
0,9200	1,040
0,9400	0,993
0,9600	0,946
0,9800	0,902
1,0000	0,859
1,0200	0,818
1,0400	0,781
1,0600	0,746
1,0800	0,712
1,1000	0,682
1,1200	0,653
1,1400	0,628
1,1600	0,606
1,1800	0,587
1,2000	0,572
1,2200	0,559
1,2400	0,550
1,2600	0,545
1,2800	0,542
1,3000	0,542
1,3200	0,543
1,3400	0,550
1,3600	0,558
1,3800	0,567
1,4000	0,580
1,4200	0,595
1,4400	0,611
1,4600	0,631
1,4800	0,652
1,5000	0,675
1,5200	0,702
1,5400	0,729
1,5600	0,759
1,5800	0,792
1,6000	0,825
1,6200	0,861
1,6400	0,898
1,6600	0,939
1,6800	0,980
1,7000	1,023
1,7200	1,067
1,7400	1,114
1,7600	1,161
1,7800	1,210
1,8000	1,258
1,8200	1,310
1,8400	1,362
1,8600	1,414
1,8800	1,467
1,9000	1,519
1,9200	1,572
1,9400	1,626
1,9600	1,679
1,9800	1,731
2,0000	1,783
2,0200	1,835
2,0400	1,885
2,0600	1,934
2,0800	1,982
2,1000	2,029
2,1200	2,075
2,1400	2,119
2,1600	2,161
2,1800	2,204
2,2000	2,243
2,2200	2,281
2,2400	2,315
2,2600	2,350
2,2800	2,380
2,3000	2,410
2,3200	2,435
2,3400	2,457
2,3600	2,477
2,3800	2,494
2,4000	2,509
2,4200	2,520
2,4400	2,527
2,4600	2,532
2,4800	2,532
2,5000	2,532
2,5200	2,527
2,5400	2,520
2,5600	2,510
2,5800	2,498
2,6000	2,483
2,6200	2,468
2,6400	2,449
2,6600	2,427
2,6800	2,405
2,7000	2,380
2,7200	2,353
2,7400	2,325
2,7600	2,293
2,7800	2,262
2,8000	2,227
2,8200	2,191
2,8400	2,154
2,8600	2,116
2,8800	2,075
2,9000	2,033
2,9200	1,989
2,9400	1,943
2,9600	1,898
2,9800	1,850
3,0000	1,802
3,0200	1,753
3,0400	1,703
3,0600	1,652
3,0800	1,602
3,1000	1,550
3,1200	1,499
3,1400	1,447
3,1600	1,395
3,1800	1,345
3,2000	1,293
3,2200	1,243
3,2400	1,192
3,2600	1,144
3,2800	1,095
3,3000	1,048
3,3200	1,002
3,3400	0,958
3,3600	0,916
3,3800	0,875
3,4000	0,837
3,4200	0,800
3,4400	0,765
3,4600	0,734
3,4800	0,704
3,5000	0,677
3,5200	0,652
3,5400	0,630
3,5600	0,611
3,5800	0,595
3,6000	0,583
3,6200	0,573
3,6400	0,567
3,6600	0,564
3,6800	0,564
3,7000	0,565
3,7200	0,570
3,7400	0,576
3,7600	0,587
3,7800	0,598
3,8000	0,613
3,8200	0,628
3,8400	0,647
3,8600	0,669
3,8800	0,691
3,9000	0,716
3,9200	0,745
3,9400	0,773
3,9600	0,804
3,9800	0,839
4,0000	0,875
4,0200	0,911
4,0400	0,952
4,0600	0,993
4,0800	1,035
4,1000	1,079
4,1200	1,125
4,1400	1,173
4,1600	1,222
4,1800	1,271
4,2000	1,323
4,2200	1,374
4,2400	1,426
4,2600	1,480
4,2800	1,533
4,3000	1,587
4,3200	1,640
4,3400	1,693
4,3600	1,747
4,3800	1,799
4,4000	1,850
4,4200	1,901
4,4400	1,949
4,4600	1,998
4,4800	2,045
4,5000	2,091
4,5200	2,135
4,5400	2,177
4,5600	2,218
4,5800	2,259
4,6000	2,295
4,6200	2,331
4,6400	2,364
4,6600	2,394
4,6800	2,422
4,7000	2,447
4,7200	2,469
4,7400	2,488
4,7600	2,505
4,7800	2,518
4,8000	2,527
4,8200	2,534
4,8400	2,537
4,8600	2,537
4,8800	2,535
4,9000	2,529
4,9200	2,520
4,9400	2,510
4,9600	2,496
4,9800	2,480
5,0000	2,463
5,0200	2,443
5,0400	2,421
5,0600	2,397
5,0800	2,370
5,1000	2,342
5,1200	2,312
5,1400	2,281
5,1600	2,248
5,1800	2,212
5,2000	2,174
5,2200	2,135
5,2400	2,094
5,2600	2,051
5,2800	2,009
5,3000	1,963
5,3200	1,916
5,3400	1,869
5,3600	1,821
5,3800	1,770
5,4000	1,720
5,4200	1,670
5,4400	1,618
5,4600	1,566
5,4800	1,514
5,5000	1,462
5,5200	1,411
5,5400	1,359
5,5600	1,307
5,5800	1,255
5,6000	1,205
5,6200	1,156
5,6400	1,107
5,6600	1,059
5,6800	1,013
5,7000	0,969
5,7200	0,925
5,7400	0,884
5,7600	0,845
5,7800	0,807
5,8000	0,773
5,8200	0,740
5,8400	0,710
5,8600	0,682
5,8800	0,657
5,9000	0,635
5,9200	0,616
5,9400	0,600
5,9600	0,587
5,9800	0,576
6,0000	0,570
6,0200	0,567
6,0400	0,565
6,0600	0,569
6,0800	0,572
6,1000	0,580
6,1200	0,589
6,1400	0,600
6,1600	0,614
6,1800	0,631
6,2000	0,649
6,2200	0,669
6,2400	0,693
6,2600	0,716
6,2800	0,745
6,3000	0,773
6,3200	0,804
6,3400	0,836
6,3600	0,872
6,3800	0,908
6,4000	0,947
6,4200	0,988
6,4400	1,029
6,4600	1,073
6,4800	1,118
6,5000	1,166
6,5200	1,213
6,5400	1,261
6,5600	1,312
6,5800	1,363
6,6000	1,415
6,6200	1,467
6,6400	1,521
6,6600	1,574
6,6800	1,627
6,7000	1,679
6,7200	1,733
6,7400	1,783
6,7600	1,835
6,7800	1,885
6,8000	1,934
6,8200	1,982
6,8400	2,029
6,8600	2,075
6,8800	2,119
6,9000	2,161
6,9200	2,204
6,9400	2,243
6,9600	2,281
6,9800	2,317
7,0000	2,350
7,0200	2,381
7,0400	2,410
7,0600	2,436
7,0800	2,460
7,1000	2,479
7,1200	2,496
7,1400	2,510
7,1600	2,521
7,1800	2,529
7,2000	2,532
7,2200	2,534
7,2400	2,532
7,2600	2,527
7,2800	2,520
7,3000	2,510
7,3200	2,496
7,3400	2,482
7,3600	2,465
7,3800	2,444
7,4000	2,424
7,4200	2,400
7,4400	2,373
7,4600	2,347
7,4800	2,317
7,5000	2,286
7,5200	2,253
7,5400	2,218
7,5600	2,182
7,5800	2,143
7,6000	2,103
7,6200	2,061
7,6400	2,017
7,6600	1,973
7,6800	1,927
7,7000	1,880
7,7200	1,832
7,7400	1,783
7,7600	1,733
7,7800	1,682
7,8000	1,630
7,8200	1,579
7,8400	1,527
7,8600	1,475
7,8800	1,423
7,9000	1,370
7,9200	1,318
7,9400	1,268
7,9600	1,216
7,9800	1,166
8,0000	1,117
8,0200	1,068
8,0400	1,023
8,0600	0,977
8,0800	0,933
8,1000	0,891
8,1200	0,851
8,1400	0,812
8,1600	0,778
8,1800	0,743
8,2000	0,712
8,2200	0,683
8,2400	0,658
8,2600	0,635
8,2800	0,614
8,3000	0,595
8,3200	0,581
8,3400	0,570
8,3600	0,561
8,3800	0,556
8,4000	0,554
8,4200	0,554
8,4400	0,559
8,4600	0,565
8,4800	0,573
8,5000	0,584
8,5200	0,597
8,5400	0,613
8,5600	0,631
8,5800	0,650
8,6000	0,672
8,6200	0,697
8,6400	0,724
8,6600	0,752
8,6800	0,784
8,7000	0,815
8,7200	0,851
8,7400	0,888
8,7600	0,927
8,7800	0,966
8,8000	1,008
8,8200	1,052
8,8400	1,098
8,8600	1,145
8,8800	1,192
8,9000	1,243
8,9200	1,293
8,9400	1,345
8,9600	1,396
8,9800	1,450
9,0000	1,503
9,0200	1,557
9,0400	1,612
9,0600	1,665
9,0800	1,718
9,1000	1,770
9,1200	1,822
9,1400	1,874
9,1600	1,924
9,1800	1,973
9,2000	2,022
9,2200	2,067
9,2400	2,113
9,2600	2,157
9,2800	2,199
9,3000	2,240
9,3200	2,278
9,3400	2,314
9,3600	2,348
9,3800	2,380
9,4000	2,410
9,4200	2,436
9,4400	2,460
9,4600	2,482
9,4800	2,499
9,5000	2,515
9,5200	2,526
9,5400	2,535
9,5600	2,540
9,5800	2,543
9,6000	2,543
9,6200	2,538
9,6400	2,532
9,6600	2,523
9,6800	2,512
9,7000	2,496
9,7200	2,480
9,7400	2,461
9,7600	2,441
9,7800	2,417
9,8000	2,394
9,8200	2,367
9,8400	2,337
9,8600	2,308
9,8800	2,275
9,9000	2,240
9,9200	2,204
9,9400	2,166
9,9600	2,125
9,9800	2,084
10,0000	2,040
10,0200	1,996
10,0400	1,951
10,0600	1,904
10,0800	1,854
10,1000	1,805
10,1200	1,755
10,1400	1,703
10,1600	1,651
10,1800	1,599
10,2000	1,546
10,2200	1,494
10,2400	1,440
10,2600	1,387
10,2800	1,335
10,3000	1,283
10,3200	1,232
10,3400	1,180
10,3600	1,131
10,3800	1,082
10,4000	1,034
10,4200	0,988
10,4400	0,944
10,4600	0,902
10,4800	0,861
10,5000	0,822
10,5200	0,785
10,5400	0,751
10,5600	0,719
10,5800	0,690
10,6000	0,663
10,6200	0,639
10,6400	0,619
10,6600	0,600
10,6800	0,586
10,7000	0,575
10,7200	0,565
10,7400	0,561
10,7600	0,559
10,7800	0,559
10,8000	0,562
10,8200	0,569
10,8400	0,576
10,8600	0,587
10,8800	0,600
10,9000	0,614
10,9200	0,631
10,9400	0,652
10,9600	0,672
10,9800	0,697
11,0000	0,723
11,0200	0,751
11,0400	0,781
11,0600	0,812
11,0800	0,847
11,1000	0,883
11,1200	0,920
11,1400	0,961
11,1600	1,002
11,1800	1,045
11,2000	1,090
11,2200	1,136
11,2400	1,183
11,2600	1,232
11,2800	1,282
11,3000	1,332
11,3200	1,384
11,3400	1,436
11,3600	1,489
11,3800	1,541
11,4000	1,594
11,4200	1,648
11,4400	1,701
11,4600	1,753
11,4800	1,805
11,5000	1,855
11,5200	1,905
11,5400	1,954
11,5600	2,003
11,5800	2,048
11,6000	2,094
11,6200	2,138
11,6400	2,180
11,6600	2,221
11,6800	2,260
11,7000	2,297
11,7200	2,331
11,7400	2,364
11,7600	2,394
11,7800	2,422
11,8000	2,446
11,8200	2,468
11,8400	2,487
11,8600	2,502
11,8800	2,515
11,9000	2,524
11,9200	2,531
11,9400	2,534
11,9600	2,534
11,9800	2,531
12,0000	2,526
12,0200	2,518
12,0400	2,507
12,0600	2,494
12,0800	2,480
12,1000	2,463
12,1200	2,444
12,1400	2,422
12,1600	2,399
12,1800	2,372
12,2000	2,344
12,2200	2,314
12,2400	2,281
12,2600	2,246
12,2800	2,210
12,3000	2,172
12,3200	2,132
12,3400	2,091
12,3600	2,047
12,3800	2,001
12,4000	1,954
12,4200	1,907
12,4400	1,858
12,4600	1,808
12,4800	1,756
12,5000	1,704
12,5200	1,651
12,5400	1,598
12,5600	1,544
12,5800	1,491
12,6000	1,436
12,6200	1,382
12,6400	1,329
12,6600	1,275
12,6800	1,224
12,7000	1,172
12,7200	1,122
12,7400	1,071
12,7600	1,024
12,7800	0,977
12,8000	0,933
12,8200	0,891
12,8400	0,848
12,8600	0,809
12,8800	0,773
12,9000	0,738
12,9200	0,707
12,9400	0,677
12,9600	0,650
12,9800	0,627
13,0000	0,606
13,0200	0,589
13,0400	0,575
13,0600	0,564
13,0800	0,554
13,1000	0,550
13,1200	0,548
13,1400	0,550
13,1600	0,553
13,1800	0,559
13,2000	0,567
13,2200	0,578
13,2400	0,592
13,2600	0,608
13,2800	0,625
13,3000	0,644
13,3200	0,666
13,3400	0,691
13,3600	0,716
13,3800	0,745
13,4000	0,776
13,4200	0,807
13,4400	0,842
13,4600	0,878
13,4800	0,916
13,5000	0,955
13,5200	0,997
13,5400	1,040
13,5600	1,084
13,5800	1,131
13,6000	1,178
13,6200	1,225
13,6400	1,275
13,6600	1,326
13,6800	1,376
13,7000	1,429
13,7200	1,481
13,7400	1,533
13,7600	1,587
13,7800	1,640
13,8000	1,692
13,8200	1,744
13,8400	1,794
13,8600	1,846
13,8800	1,894
13,9000	1,943
13,9200	1,990
13,9400	2,036
13,9600	2,081
13,9800	2,125
14,0000	2,166
14,0200	2,207
14,0400	2,246
14,0600	2,282
14,0800	2,317
14,1000	2,350
14,1200	2,380
14,1400	2,406
14,1600	2,432
14,1800	2,454
14,2000	2,472
14,2200	2,490
14,2400	2,502
14,2600	2,512
14,2800	2,520
14,3000	2,523
14,3200	2,523
14,3400	2,521
14,3600	2,516
14,3800	2,509
14,4000	2,499
14,4200	2,487
14,4400	2,471
14,4600	2,455
14,4800	2,436
14,5000	2,416
14,5200	2,392
14,5400	2,369
14,5600	2,342
14,5800	2,314
14,6000	2,284
14,6200	2,253
14,6400	2,218
14,6600	2,183
14,6800	2,146
14,7000	2,106
14,7200	2,067
14,7400	2,025
14,7600	1,981
14,7800	1,937
14,8000	1,891
14,8200	1,843
14,8400	1,795
14,8600	1,745
14,8800	1,696
14,9000	1,646
14,9200	1,594
14,9400	1,544
14,9600	1,492
14,9800	1,440
15,0000	1,389
15,0200	1,337
15,0400	1,286
15,0600	1,236
15,0800	1,186
15,1000	1,137
15,1200	1,089
15,1400	1,041
15,1600	0,997
15,1800	0,953
15,2000	0,911
15,2200	0,870
15,2400	0,831
15,2600	0,796
15,2800	0,762
15,3000	0,730
15,3200	0,701
15,3400	0,675
15,3600	0,652
15,3800	0,630
15,4000	0,613
15,4200	0,597
15,4400	0,586
15,4600	0,578
15,4800	0,572
15,5000	0,570
15,5200	0,570
15,5400	0,573
15,5600	0,580
15,5800	0,587
15,6000	0,597
15,6200	0,609
15,6400	0,625
15,6600	0,641
15,6800	0,660
15,7000	0,682
15,7200	0,705
15,7400	0,730
15,7600	0,759
15,7800	0,789
15,8000	0,820
15,8200	0,853
15,8400	0,889
15,8600	0,927
15,8800	0,966
15,9000	1,007
15,9200	1,049
15,9400	1,095
15,9600	1,140
15,9800	1,188
16,0000	1,236
16,0200	1,285
16,0400	1,337
16,0600	1,387
16,0800	1,440
16,1000	1,492
16,1200	1,546
16,1400	1,599
16,1600	1,651
16,1800	1,704
16,2000	1,756
16,2200	1,808
16,2400	1,858
16,2600	1,909
16,2800	1,957
16,3000	2,004
16,3200	2,051
16,3400	2,097
16,3600	2,139
16,3800	2,182
16,4000	2,223
16,4200	2,260
16,4400	2,298
16,4600	2,333
16,4800	2,364
16,5000	2,394
16,5200	2,422
16,5400	2,446
16,5600	2,468
16,5800	2,487
16,6000	2,502
16,6200	2,515
16,6400	2,524
16,6600	2,531
16,6800	2,534
16,7000	2,534
16,7200	2,531
16,7400	2,524
16,7600	2,516
16,7800	2,505
16,8000	2,493
16,8200	2,477
16,8400	2,460
16,8600	2,439
16,8800	2,417
16,9000	2,394
16,9200	2,369
16,9400	2,340
16,9600	2,311
16,9800	2,279
17,0000	2,246
17,0200	2,210
17,0400	2,174
17,0600	2,135
17,0800	2,094
17,1000	2,051
17,1200	2,007
17,1400	1,962
17,1600	1,916
17,1800	1,868
17,2000	1,819
17,2200	1,769
17,2400	1,718
17,2600	1,667
17,2800	1,615
17,3000	1,561
17,3200	1,508
17,3400	1,456
17,3600	1,403
17,3800	1,351
17,4000	1,297
17,4200	1,246
17,4400	1,195
17,4600	1,145
17,4800	1,095
17,5000	1,048
17,5200	1,001
17,5400	0,955
17,5600	0,913
17,5800	0,870
17,6000	0,831
17,6200	0,793
17,6400	0,759
17,6600	0,726
17,6800	0,696
17,7000	0,668
17,7200	0,642
17,7400	0,620
17,7600	0,602
17,7800	0,586
17,8000	0,575
17,8200	0,565
17,8400	0,559
17,8600	0,556
17,8800	0,556
17,9000	0,559
17,9200	0,564
17,9400	0,572
17,9600	0,583
17,9800	0,595
18,0000	0,609
18,0200	0,627
18,0400	0,646
18,0600	0,668
18,0800	0,691
18,1000	0,716
18,1200	0,745
18,1400	0,774
18,1600	0,807
18,1800	0,842
18,2000	0,878
18,2200	0,916
18,2400	0,955
18,2600	0,996
18,2800	1,040
18,3000	1,084
18,3200	1,131
18,3400	1,178
18,3600	1,227
18,3800	1,277
18,4000	1,327
18,4200	1,379
18,4400	1,433
18,4600	1,484
18,4800	1,538
18,5000	1,593
18,5200	1,646
18,5400	1,700
18,5600	1,751
18,5800	1,803
18,6000	1,854
18,6200	1,904
18,6400	1,953
18,6600	2,001
18,6800	2,047
18,7000	2,092
18,7200	2,136
18,7400	2,179
18,7600	2,218
18,7800	2,257
18,8000	2,293
18,8200	2,328
18,8400	2,361
18,8600	2,391
18,8800	2,419
18,9000	2,443
18,9200	2,465
18,9400	2,483
18,9600	2,499
18,9800	2,513
19,0000	2,523
19,0200	2,529
19,0400	2,532
19,0600	2,532
19,0800	2,529
19,1000	2,523
19,1200	2,515
19,1400	2,504
19,1600	2,488
19,1800	2,472
19,2000	2,455
19,2200	2,433
19,2400	2,411
19,2600	2,386
19,2800	2,359
19,3000	2,331
19,3200	2,301
19,3400	2,268
19,3600	2,235
19,3800	2,199
19,4000	2,161
19,4200	2,122
19,4400	2,083
19,4600	2,040
19,4800	1,996
19,5000	1,953
19,5200	1,905
19,5400	1,858
19,5600	1,810
19,5800	1,761
19,6000	1,711
19,6200	1,660
19,6400	1,608
19,6600	1,557
19,6800	1,506
19,7000	1,455
19,7200	1,403
19,7400	1,351
19,7600	1,299
19,7800	1,249
19,8000	1,199
19,8200	1,150
19,8400	1,101
19,8600	1,054
19,8800	1,008
19,9000	0,964
19,9200	0,922
19,9400	0,881
19,9600	0,842
19,9800	0,804
20,0000	0,771
20,0200	0,740
20,0400	0,710
20,0600	0,683
20,0800	0,658
20,1000	0,638
20,1200	0,619
20,1400	0,603
20,1600	0,591
20,1800	0,583
20,2000	0,576
20,2200	0,573
20,2400	0,573
20,2600	0,575
20,2800	0,581
20,3000	0,587
20,3200	0,597
20,3400	0,609
20,3600	0,624
20,3800	0,639
20,4000	0,658
20,4200	0,679
20,4400	0,702
20,4600	0,726
20,4800	0,752
20,5000	0,782
20,5200	0,812
20,5400	0,845
20,5600	0,880
20,5800	0,917
20,6000	0,955
20,6200	0,996
20,6400	1,037
20,6600	1,081
20,6800	1,125
20,7000	1,172
20,7200	1,219
20,7400	1,268
20,7600	1,318
20,7800	1,368
20,8000	1,420
20,8200	1,470
20,8400	1,524
20,8600	1,577
20,8800	1,629
20,9000	1,681
20,9200	1,733
20,9400	1,784
20,9600	1,835
20,9800	1,885
21,0000	1,934
21,0200	1,981
21,0400	2,028
21,0600	2,073
21,0800	2,117
21,1000	2,160
21,1200	2,201
21,1400	2,240
21,1600	2,278
21,1800	2,312
21,2000	2,345
21,2200	2,377
21,2400	2,406
21,2600	2,432
21,2800	2,455
21,3000	2,476
21,3200	2,493
21,3400	2,505
21,3600	2,518
21,3800	2,524
21,4000	2,529
21,4200	2,531
21,4400	2,529
21,4600	2,524
21,4800	2,518
21,5000	2,507
21,5200	2,494
21,5400	2,480
21,5600	2,463
21,5800	2,444
21,6000	2,422
21,6200	2,399
21,6400	2,373
21,6600	2,345
21,6800	2,315
21,7000	2,284
21,7200	2,251
21,7400	2,216
21,7600	2,179
21,7800	2,139
21,8000	2,100
21,8200	2,058
21,8400	2,014
21,8600	1,968
21,8800	1,923
21,9000	1,876
21,9200	1,827
21,9400	1,777
21,9600	1,726
21,9800	1,676
22,0000	1,624
22,0200	1,571
22,0400	1,519
22,0600	1,467
22,0800	1,414
22,1000	1,362
22,1200	1,308
22,1400	1,257
22,1600	1,206
22,1800	1,156
22,2000	1,107
22,2200	1,059
22,2400	1,012
22,2600	0,966
22,2800	0,924
22,3000	0,881
22,3200	0,840
22,3400	0,803
22,3600	0,767
