Winkelposition, Messreihe #2
Zeit ( s )	Winkelposition ( rad )
0,0000	6,241
0,0200	6,019
0,0400	5,746
0,0600	5,424
0,0800	5,055
0,1000	4,640
0,1200	4,181
0,1400	3,680
0,1600	3,140
0,1800	2,564
0,2000	1,953
0,2200	1,308
0,2400	0,636
0,2600	-0,061
0,2800	-0,782
0,3000	-1,522
0,3200	-2,276
0,3400	-3,043
0,3600	-3,817
0,3800	-4,598
0,4000	-5,380
0,4200	-6,162
0,4400	-6,937
0,4600	-7,700
0,4800	-8,449
0,5000	-9,181
0,5200	-9,891
0,5400	-10,578
0,5600	-11,239
0,5800	-11,867
0,6000	-12,464
0,6200	-13,023
0,6400	-13,543
0,6600	-14,021
0,6800	-14,454
0,7000	-14,842
0,7200	-15,182
0,7400	-15,471
0,7600	-15,710
0,7800	-15,895
0,8000	-16,022
0,8200	-16,096
0,8400	-16,113
0,8600	-16,074
0,8800	-15,983
0,9000	-15,843
0,9200	-15,655
0,9400	-15,421
0,9600	-15,139
0,9800	-14,814
1,0000	-14,447
1,0200	-14,038
1,0400	-13,589
1,0600	-13,100
1,0800	-12,579
1,1000	-12,023
1,1200	-11,437
1,1400	-10,824
1,1600	-10,187
1,1800	-9,530
1,2000	-8,855
1,2200	-8,163
1,2400	-7,463
1,2600	-6,753
1,2800	-6,038
1,3000	-5,322
1,3200	-4,609
1,3400	-3,903
1,3600	-3,208
1,3800	-2,524
1,4000	-1,857
1,4200	-1,208
1,4400	-0,580
1,4600	0,024
1,4800	0,600
1,5000	1,147
1,5200	1,662
1,5400	2,141
1,5600	2,584
1,5800	2,991
1,6000	3,355
1,6200	3,679
1,6400	3,960
1,6600	4,196
1,6800	4,386
1,7000	4,532
1,7200	4,631
1,7400	4,683
1,7600	4,689
1,7800	4,650
1,8000	4,563
1,8200	4,433
1,8400	4,258
1,8600	4,042
1,8800	3,782
1,9000	3,481
1,9200	3,142
1,9400	2,766
1,9600	2,355
1,9800	1,909
2,0000	1,431
2,0200	0,925
2,0400	0,391
2,0600	-0,168
2,0800	-0,751
2,1000	-1,351
2,1200	-1,968
2,1400	-2,598
2,1600	-3,241
2,1800	-3,891
2,2000	-4,546
2,2200	-5,204
2,2400	-5,859
2,2600	-6,513
2,2800	-7,157
2,3000	-7,790
2,3200	-8,407
2,3400	-9,009
2,3600	-9,591
2,3800	-10,150
2,4000	-10,686
2,4200	-11,193
2,4400	-11,671
2,4600	-12,117
2,4800	-12,529
2,5000	-12,903
2,5200	-13,239
2,5400	-13,534
2,5600	-13,790
2,5800	-14,002
2,6000	-14,170
2,6200	-14,294
2,6400	-14,374
2,6600	-14,407
2,6800	-14,396
2,7000	-14,340
2,7200	-14,242
2,7400	-14,104
2,7600	-13,927
2,7800	-13,711
2,8000	-13,459
2,8200	-13,168
2,8400	-12,843
2,8600	-12,482
2,8800	-12,089
2,9000	-11,665
2,9200	-11,214
2,9400	-10,735
2,9600	-10,232
2,9800	-9,708
3,0000	-9,166
3,0200	-8,608
3,0400	-8,035
3,0600	-7,452
3,0800	-6,860
3,1000	-6,261
3,1200	-5,661
3,1400	-5,064
3,1600	-4,469
3,1800	-3,881
3,2000	-3,305
3,2200	-2,736
3,2400	-2,187
3,2600	-1,651
3,2800	-1,137
3,3000	-0,642
3,3200	-0,173
3,3400	0,272
3,3600	0,688
3,3800	1,074
3,4000	1,431
3,4200	1,753
3,4400	2,042
3,4600	2,295
3,4800	2,512
3,5000	2,691
3,5200	2,832
3,5400	2,934
3,5600	2,999
3,5800	3,024
3,6000	3,011
3,6200	2,959
3,6400	2,870
3,6600	2,744
3,6800	2,581
3,7000	2,383
3,7200	2,150
3,7400	1,885
3,7600	1,588
3,7800	1,260
3,8000	0,903
3,8200	0,518
3,8400	0,108
3,8600	-0,325
3,8800	-0,781
3,9000	-1,257
3,9200	-1,748
3,9400	-2,256
3,9600	-2,777
3,9800	-3,308
4,0000	-3,847
4,0200	-4,392
4,0400	-4,940
4,0600	-5,488
4,0800	-6,033
4,1000	-6,575
4,1200	-7,109
4,1400	-7,631
4,1600	-8,140
4,1800	-8,635
4,2000	-9,111
4,2200	-9,568
4,2400	-10,001
4,2600	-10,413
4,2800	-10,799
4,3000	-11,156
4,3200	-11,483
4,3400	-11,781
4,3600	-12,045
4,3800	-12,274
4,4000	-12,471
4,4200	-12,629
4,4400	-12,753
4,4600	-12,838
4,4800	-12,887
4,5000	-12,898
4,5200	-12,873
4,5400	-12,810
4,5600	-12,712
4,5800	-12,581
4,6000	-12,414
4,6200	-12,215
4,6400	-11,984
4,6600	-11,721
4,6800	-11,431
4,7000	-11,112
4,7200	-10,766
4,7400	-10,396
4,7600	-10,004
4,7800	-9,591
4,8000	-9,159
4,8200	-8,710
4,8400	-8,248
4,8600	-7,774
4,8800	-7,290
4,9000	-6,798
4,9200	-6,300
4,9400	-5,799
4,9600	-5,300
4,9800	-4,803
5,0000	-4,310
5,0200	-3,825
5,0400	-3,351
5,0600	-2,886
5,0800	-2,435
5,1000	-2,001
5,1200	-1,585
5,1400	-1,188
5,1600	-0,811
5,1800	-0,457
5,2000	-0,127
5,2200	0,176
5,2400	0,452
5,2600	0,701
5,2800	0,920
5,3000	1,107
5,3200	1,266
5,3400	1,393
5,3600	1,488
5,3800	1,550
5,4000	1,580
5,4200	1,579
5,4400	1,546
5,4600	1,481
5,4800	1,384
5,5000	1,258
5,5200	1,104
5,5400	0,922
5,5600	0,710
5,5800	0,471
5,6000	0,207
5,6200	-0,080
5,6400	-0,393
5,6600	-0,726
5,6800	-1,081
5,7000	-1,451
5,7200	-1,839
5,7400	-2,243
5,7600	-2,661
5,7800	-3,090
5,8000	-3,526
5,8200	-3,973
5,8400	-4,423
5,8600	-4,877
5,8800	-5,331
5,9000	-5,784
5,9200	-6,233
5,9400	-6,677
5,9600	-7,113
5,9800	-7,537
6,0000	-7,950
6,0200	-8,347
6,0400	-8,730
6,0600	-9,095
6,0800	-9,440
6,1000	-9,764
6,1200	-10,067
6,1400	-10,344
6,1600	-10,597
6,1800	-10,824
6,2000	-11,022
6,2200	-11,193
6,2400	-11,333
6,2600	-11,443
6,2800	-11,525
6,3000	-11,575
6,3200	-11,592
6,3400	-11,581
6,3600	-11,541
6,3800	-11,470
6,4000	-11,369
6,4200	-11,241
6,4400	-11,085
6,4600	-10,903
6,4800	-10,696
6,5000	-10,463
6,5200	-10,207
6,5400	-9,931
6,5600	-9,632
6,5800	-9,315
6,6000	-8,980
6,6200	-8,630
6,6400	-8,267
6,6600	-7,890
6,6800	-7,502
6,7000	-7,106
6,7200	-6,704
6,7400	-6,296
6,7600	-5,886
6,7800	-5,476
6,8000	-5,066
6,8200	-4,661
6,8400	-4,258
6,8600	-3,866
6,8800	-3,482
6,9000	-3,109
6,9200	-2,746
6,9400	-2,400
6,9600	-2,069
6,9800	-1,755
7,0000	-1,458
7,0200	-1,183
7,0400	-0,927
7,0600	-0,694
7,0800	-0,484
7,1000	-0,297
7,1200	-0,135
7,1400	0,000
7,1600	0,110
7,1800	0,195
7,2000	0,253
7,2200	0,283
7,2400	0,287
7,2600	0,264
7,2800	0,217
7,3000	0,143
7,3200	0,044
7,3400	-0,079
7,3600	-0,225
7,3800	-0,394
7,4000	-0,584
7,4200	-0,798
7,4400	-1,030
7,4600	-1,282
7,4800	-1,549
7,5000	-1,835
7,5200	-2,136
7,5400	-2,452
7,5600	-2,780
7,5800	-3,118
7,6000	-3,467
7,6200	-3,823
7,6400	-4,185
7,6600	-4,551
7,6800	-4,920
7,7000	-5,290
7,7200	-5,658
7,7400	-6,024
7,7600	-6,385
7,7800	-6,740
7,8000	-7,087
7,8200	-7,424
7,8400	-7,749
7,8600	-8,061
7,8800	-8,358
7,9000	-8,641
7,9200	-8,905
7,9400	-9,153
7,9600	-9,381
7,9800	-9,588
8,0000	-9,773
8,0200	-9,937
8,0400	-10,078
8,0600	-10,194
8,0800	-10,287
8,1000	-10,355
8,1200	-10,397
8,1400	-10,416
8,1600	-10,410
8,1800	-10,378
8,2000	-10,323
8,2200	-10,248
8,2400	-10,147
8,2600	-10,025
8,2800	-9,880
8,3000	-9,717
8,3200	-9,533
8,3400	-9,331
8,3600	-9,111
8,3800	-8,873
8,4000	-8,622
8,4200	-8,355
8,4400	-8,075
8,4600	-7,785
8,4800	-7,483
8,5000	-7,172
8,5200	-6,855
8,5400	-6,531
8,5600	-6,205
8,5800	-5,875
8,6000	-5,543
8,6200	-5,213
8,6400	-4,885
8,6600	-4,562
8,6800	-4,243
8,7000	-3,932
8,7200	-3,630
8,7400	-3,336
8,7600	-3,055
8,7800	-2,785
8,8000	-2,531
8,8200	-2,290
8,8400	-2,066
8,8600	-1,858
8,8800	-1,668
8,9000	-1,499
8,9200	-1,348
8,9400	-1,216
8,9600	-1,104
8,9800	-1,015
9,0000	-0,946
9,0200	-0,900
9,0400	-0,873
9,0600	-0,869
9,0800	-0,888
9,1000	-0,925
9,1200	-0,985
9,1400	-1,063
9,1600	-1,161
9,1800	-1,279
9,2000	-1,414
9,2200	-1,566
9,2400	-1,736
9,2600	-1,921
9,2800	-2,122
9,3000	-2,337
9,3200	-2,567
9,3400	-2,809
9,3600	-3,060
9,3800	-3,324
9,4000	-3,594
9,4200	-3,872
9,4400	-4,156
9,4600	-4,444
9,4800	-4,738
9,5000	-5,031
9,5200	-5,323
9,5400	-5,617
9,5600	-5,908
9,5800	-6,195
9,6000	-6,475
9,6200	-6,750
9,6400	-7,017
9,6600	-7,273
9,6800	-7,519
9,7000	-7,753
9,7200	-7,975
9,7400	-8,184
9,7600	-8,377
9,7800	-8,555
9,8000	-8,716
9,8200	-8,861
9,8400	-8,988
9,8600	-9,098
9,8800	-9,188
9,9000	-9,260
9,9200	-9,312
9,9400	-9,343
9,9600	-9,356
9,9800	-9,349
10,0000	-9,324
10,0200	-9,280
10,0400	-9,217
10,0600	-9,137
10,0800	-9,040
10,1000	-8,927
10,1200	-8,796
10,1400	-8,652
10,1600	-8,493
10,1800	-8,319
10,2000	-8,132
10,2200	-7,934
10,2400	-7,725
10,2600	-7,505
10,2800	-7,276
10,3000	-7,039
10,3200	-6,795
10,3400	-6,547
10,3600	-6,293
10,3800	-6,035
10,4000	-5,776
10,4200	-5,517
10,4400	-5,257
10,4600	-5,001
10,4800	-4,747
10,5000	-4,497
10,5200	-4,254
10,5400	-4,015
10,5600	-3,786
10,5800	-3,566
10,6000	-3,357
10,6200	-3,156
10,6400	-2,967
10,6600	-2,793
10,6800	-2,631
10,7000	-2,483
10,7200	-2,351
10,7400	-2,235
10,7600	-2,135
10,7800	-2,050
10,8000	-1,982
10,8200	-1,931
10,8400	-1,898
10,8600	-1,882
10,8800	-1,882
10,9000	-1,899
10,9200	-1,932
10,9400	-1,982
10,9600	-2,047
10,9800	-2,127
11,0000	-2,221
11,0200	-2,331
11,0400	-2,454
11,0600	-2,589
11,0800	-2,736
11,1000	-2,897
11,1200	-3,068
11,1400	-3,248
11,1600	-3,438
11,1800	-3,636
11,2000	-3,841
11,2200	-4,053
11,2400	-4,269
11,2600	-4,491
11,2800	-4,716
11,3000	-4,942
11,3200	-5,168
11,3400	-5,394
11,3600	-5,620
11,3800	-5,843
11,4000	-6,062
11,4200	-6,277
11,4400	-6,486
11,4600	-6,688
11,4800	-6,885
11,5000	-7,070
11,5200	-7,248
11,5400	-7,416
11,5600	-7,571
11,5800	-7,716
11,6000	-7,848
11,6200	-7,967
11,6400	-8,074
11,6600	-8,167
11,6800	-8,245
11,7000	-8,308
11,7200	-8,357
11,7400	-8,391
11,7600	-8,410
11,7800	-8,415
11,8000	-8,404
11,8200	-8,380
11,8400	-8,341
11,8600	-8,289
11,8800	-8,225
11,9000	-8,146
11,9200	-8,057
11,9400	-7,955
11,9600	-7,840
11,9800	-7,716
12,0000	-7,582
12,0200	-7,438
12,0400	-7,284
12,0600	-7,122
12,0800	-6,955
12,1000	-6,780
12,1200	-6,597
12,1400	-6,412
12,1600	-6,222
12,1800	-6,030
12,2000	-5,836
12,2200	-5,639
12,2400	-5,444
12,2600	-5,250
12,2800	-5,056
12,3000	-4,865
12,3200	-4,678
12,3400	-4,494
12,3600	-4,318
12,3800	-4,147
12,4000	-3,982
12,4200	-3,826
12,4400	-3,679
12,4600	-3,541
12,4800	-3,412
12,5000	-3,294
12,5200	-3,186
12,5400	-3,091
12,5600	-3,007
12,5800	-2,934
12,6000	-2,876
12,6200	-2,831
12,6400	-2,798
12,6600	-2,777
12,6800	-2,771
12,7000	-2,777
12,7200	-2,796
12,7400	-2,826
12,7600	-2,870
12,7800	-2,923
12,8000	-2,989
12,8200	-3,065
12,8400	-3,151
12,8600	-3,248
12,8800	-3,354
12,9000	-3,468
12,9200	-3,589
12,9400	-3,720
12,9600	-3,856
12,9800	-4,001
13,0000	-4,148
13,0200	-4,302
13,0400	-4,461
13,0600	-4,621
13,0800	-4,785
13,1000	-4,950
13,1200	-5,116
13,1400	-5,283
13,1600	-5,448
13,1800	-5,611
13,2000	-5,773
13,2200	-5,931
13,2400	-6,085
13,2600	-6,234
13,2800	-6,379
13,3000	-6,519
13,3200	-6,651
13,3400	-6,775
13,3600	-6,893
13,3800	-7,001
13,4000	-7,100
13,4200	-7,191
13,4400	-7,271
13,4600	-7,342
13,4800	-7,403
13,5000	-7,453
13,5200	-7,493
13,5400	-7,521
13,5600	-7,538
13,5800	-7,545
13,6000	-7,540
13,6200	-7,526
13,6400	-7,502
13,6600	-7,468
13,6800	-7,425
13,7000	-7,373
13,7200	-7,312
13,7400	-7,243
13,7600	-7,164
13,7800	-7,080
13,8000	-6,987
13,8200	-6,886
13,8400	-6,781
13,8600	-6,668
13,8800	-6,550
13,9000	-6,429
13,9200	-6,302
13,9400	-6,173
13,9600	-6,040
13,9800	-5,905
14,0000	-5,768
14,0200	-5,630
14,0400	-5,492
14,0600	-5,353
14,0800	-5,217
14,1000	-5,083
14,1200	-4,950
14,1400	-4,819
14,1600	-4,694
14,1800	-4,571
14,2000	-4,453
14,2200	-4,342
14,2400	-4,235
14,2600	-4,136
14,2800	-4,043
14,3000	-3,958
14,3200	-3,881
14,3400	-3,811
14,3600	-3,751
14,3800	-3,698
14,4000	-3,654
14,4200	-3,619
14,4400	-3,594
14,4600	-3,578
14,4800	-3,572
14,5000	-3,574
14,5200	-3,585
14,5400	-3,603
14,5600	-3,632
14,5800	-3,668
14,6000	-3,710
14,6200	-3,762
14,6400	-3,819
14,6600	-3,883
14,6800	-3,952
14,7000	-4,029
14,7200	-4,111
14,7400	-4,199
14,7600	-4,290
14,7800	-4,386
14,8000	-4,486
14,8200	-4,588
14,8400	-4,694
14,8600	-4,802
14,8800	-4,912
14,9000	-5,022
14,9200	-5,132
14,9400	-5,243
14,9600	-5,353
14,9800	-5,463
15,0000	-5,570
15,0200	-5,677
15,0400	-5,779
15,0600	-5,879
15,0800	-5,977
15,1000	-6,070
15,1200	-6,158
15,1400	-6,241
15,1600	-6,321
15,1800	-6,393
15,2000	-6,461
15,2200	-6,522
15,2400	-6,577
15,2600	-6,626
15,2800	-6,666
15,3000	-6,701
15,3200	-6,728
15,3400	-6,748
15,3600	-6,759
15,3800	-6,764
15,4000	-6,764
15,4200	-6,754
15,4400	-6,740
15,4600	-6,718
15,4800	-6,690
15,5000	-6,657
15,5200	-6,618
15,5400	-6,574
15,5600	-6,524
15,5800	-6,469
15,6000	-6,410
15,6200	-6,346
15,6400	-6,278
15,6600	-6,208
15,6800	-6,134
15,7000	-6,055
15,7200	-5,975
15,7400	-5,894
15,7600	-5,810
15,7800	-5,724
15,8000	-5,638
15,8200	-5,551
15,8400	-5,465
15,8600	-5,378
15,8800	-5,292
15,9000	-5,209
15,9200	-5,126
15,9400	-5,045
15,9600	-4,965
15,9800	-4,890
16,0000	-4,818
16,0200	-4,749
16,0400	-4,683
16,0600	-4,621
16,0800	-4,563
16,1000	-4,511
16,1200	-4,464
16,1400	-4,422
16,1600	-4,386
16,1800	-4,354
16,2000	-4,329
16,2200	-4,310
16,2400	-4,296
16,2600	-4,288
16,2800	-4,285
16,3000	-4,288
16,3200	-4,296
16,3400	-4,309
16,3600	-4,326
16,3800	-4,348
16,4000	-4,375
16,4200	-4,405
16,4400	-4,438
16,4600	-4,475
16,4800	-4,518
16,5000	-4,562
16,5200	-4,607
16,5400	-4,657
16,5600	-4,711
16,5800	-4,766
16,6000	-4,822
16,6200	-4,882
16,6400	-4,940
16,6600	-5,003
16,6800	-5,064
16,7000	-5,126
16,7200	-5,188
16,7400	-5,251
16,7600	-5,312
16,7800	-5,374
16,8000	-5,435
16,8200	-5,493
16,8400	-5,551
16,8600	-5,606
16,8800	-5,660
16,9000	-5,711
16,9200	-5,760
16,9400	-5,804
16,9600	-5,847
16,9800	-5,886
17,0000	-5,920
17,0200	-5,952
17,0400	-5,980
17,0600	-6,004
17,0800	-6,024
17,1000	-6,040
17,1200	-6,052
17,1400	-6,059
17,1600	-6,063
17,1800	-6,063
17,2000	-6,060
17,2200	-6,052
17,2400	-6,043
17,2600	-6,030
17,2800	-6,015
17,3000	-5,996
17,3200	-5,975
17,3400	-5,953
17,3600	-5,927
17,3800	-5,900
17,4000	-5,870
17,4200	-5,839
17,4400	-5,806
17,4600	-5,771
17,4800	-5,735
17,5000	-5,699
17,5200	-5,661
17,5400	-5,622
17,5600	-5,583
17,5800	-5,543
17,6000	-5,504
17,6200	-5,463
17,6400	-5,424
17,6600	-5,385
17,6800	-5,345
17,7000	-5,308
17,7200	-5,272
17,7400	-5,235
17,7600	-5,199
17,7800	-5,166
17,8000	-5,135
17,8200	-5,107
17,8400	-5,078
17,8600	-5,053
17,8800	-5,030
17,9000	-5,008
17,9200	-4,989
17,9400	-4,973
17,9600	-4,959
17,9800	-4,948
18,0000	-4,940
18,0200	-4,934
18,0400	-4,932
18,0600	-4,931
18,0800	-4,932
18,1000	-4,935
18,1200	-4,942
18,1400	-4,950
18,1600	-4,959
18,1800	-4,968
18,2000	-4,981
18,2200	-4,995
18,2400	-5,011
18,2600	-5,028
18,2800	-5,045
18,3000	-5,064
18,3200	-5,085
18,3400	-5,105
18,3600	-5,126
18,3800	-5,146
18,4000	-5,168
18,4200	-5,190
18,4400	-5,210
18,4600	-5,232
18,4800	-5,254
18,5000	-5,275
18,5200	-5,297
18,5400	-5,316
18,5600	-5,336
18,5800	-5,355
18,6000	-5,372
18,6200	-5,389
18,6400	-5,405
18,6600	-5,421
18,6800	-5,435
18,7000	-5,446
18,7200	-5,459
18,7400	-5,468
18,7600	-5,476
18,7800	-5,484
18,8000	-5,488
18,8200	-5,493
18,8400	-5,496
18,8600	-5,498
18,8800	-5,498
18,9000	-5,498
18,9200	-5,496
18,9400	-5,495
18,9600	-5,492
18,9800	-5,488
19,0000	-5,487
19,0200	-5,482
19,0400	-5,479
19,0600	-5,474
19,0800	-5,470
19,1000	-5,466
19,1200	-5,460
19,1400	-5,455
19,1600	-5,451
19,1800	-5,446
19,2000	-5,441
19,2200	-5,435
19,2400	-5,430
19,2600	-5,426
19,2800	-5,421
19,3000	-5,416
19,3200	-5,411
19,3400	-5,407
19,3600	-5,404
19,3800	-5,399
19,4000	-5,396
19,4200	-5,393
19,4400	-5,389
19,4600	-5,386
19,4800	-5,383
19,5000	-5,382
19,5200	-5,380
19,5400	-5,378
19,5600	-5,377
19,5800	-5,375
19,6000	-5,375
19,6200	-5,375
19,6400	-5,375
19,6600	-5,375
19,6800	-5,375
19,7000	-5,375
19,7200	-5,375
19,7400	-5,375
19,7600	-5,375
19,7800	-5,375
19,8000	-5,375
19,8200	-5,375
19,8400	-5,375
19,8600	-5,375
19,8800	-5,375
19,9000	-5,375
19,9200	-5,375
19,9400	-5,375
19,9600	-5,375
19,9800	-5,375
20,0000	-5,375
20,0200	-5,375
20,0400	-5,375
20,0600	-5,375
20,0800	-5,375
20,1000	-5,375
20,1200	-5,375
20,1400	-5,375
20,1600	-5,375
20,1800	-5,375
